-0.0000000000000011 0.0000000000000062 0.0000000000000015 -0.0000000000000418 -0.0000000000000027 -0.0000000000006997 0.0000000000001655 -0.0000000000116381 -0.0000000000022085 -0.0000000001497429 -0.0000000000446627 -0.0000000007229921
-0.0004065481582134 -0.0003408630669537 -0.0001628974932223 0.0001196456947769 -0.0000469944416146 0.0000086582917906 -0.0000002347104524 0.0000006208600109 0.0000000525571041 0.0000000241233645 -0.0000000012206155 -0.0000000016051684
-0.0008206108066553 -0.0006738495770222 -0.0003106413910330 0.0002204190671667 -0.0000808435019232 0.0000124179862053 -0.0000013352629029 0.0000006869945364 -0.0000000075603096 0.0000000090346201 0.0000000040516503 -0.0000000021079793
-0.0012420521458130 -0.0009986426340470 -0.0004433477948710 0.0003031954407221 -0.0001028121549680 0.0000121134790348 -0.0000030209482797 0.0000003756256829 -0.0000001264574812 -0.0000000239792236 0.0000000107180335 -0.0000000022716261
-0.0016707320306317 -0.0013149291697774 -0.0005611484252164 0.0003688512054689 -0.0001141176250611 0.0000085121331699 -0.0000050502803620 -0.0000001668590518 -0.0000002635446887 -0.0000000599658148 0.0000000157280411 -0.0000000016746808
-0.0021065060259455 -0.0016224001547635 -0.0006641905216150 0.0004182628158656 -0.0001159291032594 0.0000023165622470 -0.0000072181409499 -0.0000008216688506 -0.0000003895163462 -0.0000000892052112 0.0000000175506456 -0.0000000004790658
-0.0025492254643965 -0.0019207508073121 -0.0007526367308779 0.0004523057920432 -0.0001093675254299 -0.0000058330625210 -0.0000093530122136 -0.0000014945591604 -0.0000004845176519 -0.0000001060966367 0.0000000157267679 0.0000000010212405
-0.0029987375068138 -0.0022096808003688 -0.0008266649835200 0.0004718537250599 -0.0000955054117772 -0.0000153566866199 -0.0000113142979398 -0.0000021129764249 -0.0000005365001393 -0.0000001082008145 0.0000000105790421 0.0000000026507332
-0.0034548852050291 -0.0024888944661924 -0.0008864683585158 0.0004777772869890 -0.0000753667676554 -0.0000257320307031 -0.0000129897351155 -0.0000026233936674 -0.0000005397507089 -0.0000000954329680 0.0000000028912399 0.0000000040734532
-0.0039175075671003 -0.0027581009986891 -0.0009322549364617 0.0004709432466273 -0.0000499270454649 -0.0000364922367130 -0.0000142928971892 -0.0000029888297792 -0.0000004935857907 -0.0000000693845702 -0.0000000063617445 0.0000000051561318
-0.0043864396249095 -0.0030170146532751 -0.0009642476412374 0.0004522134916260 -0.0000201131673262 -0.0000472235048171 -0.0000151607898304 -0.0000031865479476 -0.0000004012004416 -0.0000000327499294 -0.0000000160968358 0.0000000057654309
-0.0048615125041059 -0.0032653549441360 -0.0009826840702688 0.0004224440578227 0.0000131963917871 -0.0000575627244904 -0.0000155515405633 -0.0000032059276626 -0.0000002686615662 0.0000000111305548 -0.0000000253035742 0.0000000058592395
-0.0053425534963594 -0.0035028468387578 -0.0009878163135036 0.0003824841665649 0.0000491714608472 -0.0000671951029713 -0.0000154421826927 -0.0000030465031905 -0.0000001040296690 0.0000000586515481 -0.0000000330666738 0.0000000053618489
-0.0058293861338928 -0.0037292209495990 -0.0009799107612163 0.0003331752707910 0.0000870299699110 -0.0000758517943821 -0.0000148265343815 -0.0000027161647115 0.0000000833909890 0.0000001062370066 -0.0000000386893954 0.0000000043266343
-0.0063218302662511 -0.0039442137227805 -0.0009592479007693 0.0002753501106484 0.0001260376881265 -0.0000833075326827 -0.0000137131733432 -0.0000022295145946 0.0000002836909268 0.0000001505606060 -0.0000000416716145 0.0000000028468556
-0.0068197021392770 -0.0041475676236682 -0.0009261221024646 0.0002098317793940 0.0001655079030926 -0.0000893782716976 -0.0000121235073600 -0.0000016063739378 0.0000004868912558 0.0000001887088986 -0.0000000417620331 0.0000000010176035
-0.0073228144762495 -0.0043390313192266 -0.0008808413946271 0.0001374328003484 0.0002048010421843 -0.0000939188353556 -0.0000100899409392 -0.0000008704320890 0.0000006833783828 0.0000002183004800 -0.0000000388775319 -0.0000000010214951
-0.0078309765611474 -0.0045183598570236 -0.0008237272280664 0.0000589542156302 0.0002433242364654 -0.0000968205813126 -0.0000076541380403 -0.0000000480341906 0.0000008642568564 0.0000002375464544 -0.0000000331767809 -0.0000000031083314
-0.0083439943239968 -0.0046853148407660 -0.0007551142300750 -0.0000248153125850 0.0002805308278780 -0.0000980090810848 -0.0000048653807092 0.0000008328985985 0.0000010216226537 0.0000002452720040 -0.0000000249671217 -0.0000000051599402
-0.0088616704282581 -0.0048396646022532 -0.0006753499481273 -0.0001131003875545 0.0003159198204129 -0.0000974418196827 -0.0000017790234265 0.0000017438257699 0.0000011487611888 0.0000002409252588 -0.0000000146963056 -0.0000000069981077
-0.0093838043602111 -0.0049811843696292 -0.0005847945834485 -0.0002051397494999 0.0003490352760637 -0.0000951059178846 0.0000015449573574 0.0000026564227904 0.0000012402861951 0.0000002245464002 -0.0000000029235403 -0.0000000084853666
-0.0099101925202914 -0.0051096564318260 -0.0004838207146309 -0.0003001871324692 0.0003794656563783 -0.0000910158801433 0.0000050433190882 0.0000035433037379 0.0000012922212580 0.0000001967080471 0.0000000097445273 -0.0000000095622778
-0.0104406283163337 -0.0052248702990845 -0.0003728130114848 -0.0003975121058381 0.0004068431104591 -0.0000852113709558 0.0000086508150428 0.0000043786379979 0.0000013020295973 0.0000001584725393 0.0000000226602379 -0.0000000101277658
-0.0109749022586725 -0.0053266228594462 -0.0002521679393136 -0.0004964008997705 0.0004308427103486 -0.0000777550227871 0.0000123013633614 0.0000051386645575 0.0000012686042265 0.0000001113076712 0.0000000351646680 -0.0000000101863736
-0.0115128020570528 -0.0054147185311112 -0.0001222934538128 -0.0005961572139686 0.0004511816347453 -0.0000687302782827 0.0000159291240238 0.0000058021117625 0.0000011922165011 0.0000000569942465 0.0000000466570717 -0.0000000097147633
-0.0120541127193019 -0.0054889694105568 0.0000163913132024 -0.0006961030090515 0.0004676183020400 -0.0000582392695922 0.0000194694850346 0.0000063505295402 0.0000010744380134 -0.0000000024265564 0.0000000565775287 -0.0000000086903993
-0.0125986166517095 -0.0055491954163200 0.0001634563770297 -0.0007955792799272 0.0004799514537481 -0.0000464007376530 0.0000228599592484 0.0000067685369709 0.0000009180336701 -0.0000000647720763 0.0000000644273257 -0.0000000072077844
-0.0131460937610674 -0.0055952244283406 0.0003184612320522 -0.0008939468105194 0.0004880191893869 -0.0000333479939925 0.0000260409930156 0.0000070439942838 0.0000007268340912 -0.0000001277764370 0.0000000698357820 -0.0000000052479997
-0.0136963215583115 -0.0056268924227737 0.0004809551922315 -0.0009905869092399 0.0004916979539475 -0.0000192269278619 0.0000289566885345 0.0000071681028629 0.0000005055949920 -0.0000001891853408 0.0000000725121221 -0.0000000029625935
-0.0142490752637176 -0.0056440436021766 0.0006504777398835 -0.0010849021245991 0.0004909014791234 -0.0000041940610586 0.0000315554413118 0.0000071354413428 0.0000002598398768 -0.0000002468179010 0.0000000722999707 -0.0000000004501873
-0.0148041279135913 -0.0056465305209805 0.0008265588825092 -0.0011763169403739 0.0004855796794893 0.0000115853467645 0.0000337904948069 0.0000069439405318 -0.0000000043016364 -0.0000002986400255 0.0000000691528024 0.0000000021799931
-0.0153612504683993 -0.0056342142061589 0.0010087195174319 -0.0012642784497577 0.0004757175048995 0.0000279391401092 0.0000356204141588 0.0000065948057295 -0.0000002802591337 -0.0000003428171354 0.0000000631178025 0.0000000048680633
-0.0159202119222844 -0.0056069642730098 0.0011964718039961 -0.0013482570079360 0.0004613337503633 0.0000446900544292 0.0000370094811531 0.0000060923899770 -0.0000005611889778 -0.0000003777672238 0.0000000543756539 0.0000000074461501
-0.0164807794139066 -0.0055646590359671 0.0013893195430751 -0.0014277468625553 0.0004424798247177 0.0000616574453891 0.0000379280123756 0.0000054440239448 -0.0000008401393056 -0.0000004022066344 0.0000000432074753 0.0000000097765312
-0.0170427183385515 -0.0055071856143662 0.0015867585636271 -0.0015022667615534 0.0004192384794730 0.0000786589584586 0.0000383526032402 0.0000046598088774 -0.0000011102083050 -0.0000004151609604 0.0000000299743156 0.0000000118285360
-0.0176057924614476 -0.0054344400330849 0.0017882771160394 -0.0015713605378480 0.0003917224991849 0.0000955121365595 0.0000382663000354 0.0000037523762864 -0.0000013646964213 -0.0000004160057909 0.0000000151146565 0.0000000134546737
-0.0181697640322317 -0.0053463273179882 0.0019933562719886 -0.0016345976704023 0.0003600733547940 0.0001120359636876 0.0000376587027847 0.0000027366195925 -0.0000015972473871 -0.0000004044672809 -0.0000000008919953 0.0000000146186892
-0.0187343939005024 -0.0052427615861082 0.0022014703305465 -0.0016915738211814 0.0003244598213834 0.0001280523425822 0.0000365260013077 0.0000016294037839 -0.0000018019784208 -0.0000003806235690 -0.0000000175126760 0.0000000152267033
-0.0192994416323987 -0.0051236661304905 0.0024120872302518 -0.0017419113475634 0.0002850765618249 0.0001433875043465 0.0000348709474804 0.0000004492561025 -0.0000019735983985 -0.0000003449025165 -0.0000000341629924 0.0000000152474584
-0.0198646656281438 -0.0049889734996472 0.0026246689668686 -0.0017852597897557 0.0002421426778365 0.0001578733483601 0.0000327027663471 -0.0000007839563802 -0.0000021075077618 -0.0000002980533648 -0.0000000503022994 0.0000000147317934
-0.0204298232404882 -0.0048386255715523 0.0028386720165397 -0.0018212963328108 0.0001959002299821 0.0001713487105003 0.0000300370091775 -0.0000020493591483 -0.0000021998880014 -0.0000002411437508 -0.0000000653760605 0.0000000136136827
-0.0209946708939919 -0.0046725736221265 0.0030535477640503 -0.0018497262428387 0.0001466127281915 0.0001836605581473 0.0000268953513632 -0.0000033254072774 -0.0000022477696850 -0.0000001755133764 -0.0000000788666792 0.0000000119107015
-0.0215589642050794 -0.0044907783881562 0.0032687429359039 -0.0018702832770377 0.0000945635943791 0.0001946651103478 0.0000233053384741 -0.0000045902235491 -0.0000022490884800 -0.0000001027397655 -0.0000000902898638 0.0000000097270522
-0.0221224581028027 -0.0042932101245970 0.0034837000379132 -0.0018827300671883 0.0000400545987928 0.0002042288814915 0.0000193000833270 -0.0000058219345342 -0.0000022027202348 -0.0000000246013641 -0.0000000992449551 0.0000000071146889
-0.0226849069502496 -0.0040798486562145 0.0036978577970053 -0.0018868584762701 -0.0000165957282810 0.0002122296472577 0.0000149179178053 -0.0000069990004121 -0.0000021085014672 0.0000000569591272 -0.0000001053797325 0.0000000041641517
-0.0232460646665294 -0.0038506834235206 0.0039106516069365 -0.0018824899278802 -0.0000750537077773 0.0002185573313754 0.0000102020022630 -0.0000081005338458 -0.0000019672312312 0.0000001399010613 -0.0000001084476496 0.0000000009684941
-0.0238056848492705 -0.0036057135229643 0.0041215139776064 -0.0018694757081574 -0.0001349721444119 0.0002231148119870 0.0000051998963848 -0.0000091066083055 -0.0000017806585953 0.0000002221182118 -0.0000001082727558 -0.0000000023843035
-0.0243635208975639 -0.0033449477413408 0.0043298749876651 -0.0018476972399360 -0.0001959919788243 0.0002258186465011 -0.0000000369052767 -0.0000099985484990 -0.0000015514512611 0.0000003014964966 -0.0000001047704162 -0.0000000057849065
-0.0249193261352861 -0.0030684045843865 0.0045351627400962 -0.0018170663288627 -0.0002577439575870 0.0002265997137983 -0.0000054534696439 -0.0000107592038299 -0.0000012831508471 0.0000003759626613 -0.0000000979812093 -0.0000000090981080
-0.0254728539347335 -0.0027761122995315 0.0047368038204614 -0.0017775253812538 -0.0003198503193520 0.0002254037729204 -0.0000109919494063 -0.0000113731995275 -0.0000009801129359 0.0000004435346306 -0.0000000880181156 -0.0000000121770791
-0.0260238578405012 -0.0024681088927807 0.0049342237574896 -0.0017290475934664 -0.0003819264953703 0.0002221919373108 -0.0000165921319612 -0.0000118271655664 -0.0000006474348695 0.0000005023596078 -0.0000000750946377 -0.0000000149665407
-0.0265720916935394 -0.0021444421397073 0.0051268474856881 -0.0016716371125900 -0.0004435828226257 0.0002169410638829 -0.0000221920091773 -0.0000121099387198 -0.0000002908691519 0.0000005507725632 -0.0000000595210063 -0.0000000173170685
-0.0271173097553183 -0.0018051695905328 0.0053140998096565 -0.0016053291682961 -0.0005044262678031 0.0002096440561673 -0.0000277283642800 -0.0000122127390288 0.0000000832715580 0.0000005873198016 -0.0000000416805099 -0.0000000191929579
-0.0276592668320344 -0.0014503585692859 0.0054954058697781 -0.0015301901756796 -0.0005640621603008 0.0002003100811239 -0.0000331373721166 -0.0000121293154827 0.0000004682205247 0.0000006108082068 -0.0000000220329101 -0.0000000204133076
-0.0281977183987900 -0.0010800861670221 0.0056701916089648 -0.0014463178089734 -0.0006220959324874 0.0001889646989134 -0.0000383552090266 -0.0000118560629182 0.0000008568704336 0.0000006203229248 -0.0000000011039034 -0.0000000210342096
-0.0287324207236771 -0.0006944392291034 0.0058378842401298 -0.0013538410460251 -0.0006781348653958 0.0001756499055181 -0.0000433186685354 -0.0000113921064080 0.0000012418935817 0.0000006152641611 0.0000000205384497 -0.0000000209798386
-0.0292631309916991 -0.0002935143365282 0.0059979127140584 -0.0012529201834477 -0.0007317898380393 0.0001604240876967 -0.0000479657789821 -0.0000107393540596 0.0000016158658086 0.0000005953536559 0.0000000422972197 -0.0000000202214335
-0.0297896074284593 0.0001225822186857 0.0061497081873542 -0.0011437468223830 -0.0007826770785326 0.0001433618902485 -0.0000522364193489 -0.0000099025163725 0.0000019713950628 0.0000005606540480 0.0000000635528166 -0.0000000187848059
-0.0303116094235513 0.0005537344640621 0.0062927044901266 -0.0010265438248348 -0.0008304199151901 0.0001245539954735 -0.0000560729293725 -0.0000088890921556 0.0000023012496195 0.0000005115757335 0.0000000836839260 -0.0000000166254338
-0.0308288976535803 0.0009998167831649 0.0064263385930957 -0.0009015652405513 -0.0008746505257774 0.0001041068148373 -0.0000594207100963 -0.0000077093218609 0.0000025984868240 0.0000004488582191 0.0000001020900440 -0.0000000139029682
-0.0313412342047489 0.0014606939580238 0.0065500510737826 -0.0007690962044601 -0.0009150116830892 0.0000821420929784 -0.0000622288110845 -0.0000063761058276 0.0000028565791159 0.0000003735890973 0.0000001181991168 -0.0000000106616273
-0.0318483826949396 0.0019362212174708 0.0066632865814591 -0.0006294528046786 -0.0009511584950249 0.0000587964243023 -0.0000644505003719 -0.0000049048912545 0.0000030695360968 0.0000002871583389 0.0000001314878641 -0.0000000069146755
-0.0323501083952248 0.0024262442913733 0.0067654943005264 -0.0004829819211485 -0.0009827601373387 0.0000342206824627 -0.0000660438133894 -0.0000033135251729 0.0000032320207931 0.0000001912587575 0.0000001414972177 -0.0000000028605429
-0.0328461783507392 0.0029305994707367 0.0068561284119961 -0.0003300610349565 -0.0010095015772403 0.0000085793631838 -0.0000669720770314 -0.0000016220772669 0.0000033394583953 0.0000000878439215 0.0000001478457522 0.0000000014763944
-0.0333363615008445 0.0034491136736570 0.0069346485527471 -0.0001710980084464 -0.0010310852860317 -0.0000179501590781 -0.0000672044050831 0.0000001473690407 0.0000033881357804 -0.0000000209069091 0.0000001502420061 0.0000000058655649
-0.0338204287985232 0.0039816045170907 0.0070005202722316 -0.0000065308362143 -0.0010472329389665 -0.0000451784599449 -0.0000667161612317 0.0000019709542294 0.0000033752904505 -0.0000001326249076 0.0000001484926423 0.0000000101934804
-0.0342981533289308 0.0045278803944104 0.0070532154863054 0.0001631726328605 -0.0010576871005303 -0.0000729049787526 -0.0000654893859794 0.0000038233076423 0.0000032991869992 -0.0000002447996141 0.0000001425140687 0.0000000142858757
-0.0347693104270437 0.0050877405587097 0.0070922129278601 0.0003375150024011 -0.0010622128933477 -0.0001009190161153 -0.0000635131837057 0.0000056778384704 0.0000031591798081 -0.0000003548264239 0.0000001323382789 0.0000000180720764
-0.0352336777943358 0.0056609752118191 0.0071169985939355 0.0005159696639541 -0.0010605996489322 -0.0001290008145200 -0.0000607840662876 0.0000075070505588 0.0000029557612439 -0.0000004600652402 0.0000001181112762 0.0000000213814679
-0.0356910356144173 0.0062473655989880 0.0071270661889912 0.0006979811608476 -0.0010526625385044 -0.0001569227209392 -0.0000573062496523 0.0000092828779646 0.0000026905931922 -0.0000005578964518 0.0000001000981063 0.0000000241400722
-0.0361411666675739 0.0068466841091861 0.0071219175640212 0.0008829655802629 -0.0010382441821275 -0.0001844504303228 -0.0000530918996824 0.0000109770398739 0.0000023665214097 -0.0000006457770762 0.0000000786772201 0.0000000261443319
-0.0365838564441385 0.0074586943809745 0.0071010631511953 0.0010703109732776 -0.0010172162344066 -0.0002113443087270 -0.0000481613240769 0.0000125614115120 0.0000019875722702 -0.0000007212968024 0.0000000543362841 0.0000000273662369
-0.0370188932566355 0.0080831514138925 0.0070640223937151 0.0012593778026154 -0.0009894809450304 -0.0002373607948353 -0.0000425431066313 0.0000140084078623 0.0000015589299577 -0.0000007822412142 0.0000000276704020 0.0000000277126365
-0.0374460683506314 0.0087198016853030 0.0070103241705735 0.0014494994178141 -0.0009549726924475 -0.0002622538784391 -0.0000362741806238 0.0000152913766604 0.0000010868952765 -0.0000008266466522 -0.0000000006519890 0.0000000271313148
-0.0378651760142317 0.0093683832726342 0.0069395072159110 0.0016399825575157 -0.0009136594889762 -0.0002857766542661 -0.0000293998380419 0.0000163849988612 0.0000005788237329 -0.0000008528536605 -0.0000000298828881 0.0000000256609588
-0.0382760136861610 0.0100286259809554 0.0068511205326652 0.0018301078785281 -0.0008655444556909 -0.0003076829498005 -0.0000219736713342 0.0000172656908780 0.0000000430443392 -0.0000008595614114 -0.0000000592041377 0.0000000232269387
-0.0386783820623660 0.0107002514758193 0.0067447238002114 0.0020191305113422 -0.0008106672654201 -0.0003277290251752 -0.0000140574447662 0.0000179120052696 -0.0000005112405756 -0.0000008458676569 -0.0000000877725863 0.0000000199626967
-0.0390720852010809 0.0113829734212974 0.0066198877756987 0.0022062806417080 -0.0007491055522470 -0.0003456753434800 -0.0000057208920068 0.0000183050273671 -0.0000010740767760 -0.0000008113122078 -0.0000001147354862 0.0000000158835055
-0.0394569306262959 0.0120764976231396 0.0064761946887870 0.0023907641178894 -0.0006809762858922 -0.0003612884096821 0.0000029585626828 0.0000184287601270 -0.0000016348966236 -0.0000007559093793 -0.0000001392358227 0.0000000111999089
-0.0398327294295699 0.0127805221769723 0.0063132386294951 0.0025717630832038 -0.0006064371094222 -0.0003743426759758 0.0000118961627650 0.0000182704975154 -0.0000021826766163 -0.0000006801743272 -0.0000001604493948 0.0000000058860761
-0.0401992963701309 0.0134947376214646 0.0061306259288762 0.0027484366333920 -0.0005256876387156 -0.0003846225118910 0.0000210002598275 0.0000178211765239 -0.0000027061118660 -0.0000005851298194 -0.0000001776098929 0.0000000002906934
-0.0405564499732048 0.0142188270963702 0.0059279755322373 0.0029199214983927 -0.0004389707221794 -0.0003919242366908 0.0000301728389858 0.0000170757067861 -0.0000031938052462 -0.0000004723277906 -0.0000001900340453 -0.0000000055971444
-0.0409040126265198 0.0149524665053635 0.0057049193646287 0.0030853327480444 -0.0003465736592120 -0.0003960582120634 0.0000393101314806 0.0000160332715050 -0.0000036344711584 -0.0000003438212244 -0.0000001971355707 -0.0000000114416543
-0.0412418106749283 0.0156953246835773 0.0054611026883290 0.0032437645212292 -0.0002488293759672 -0.0003968509928068 0.0000483033172655 0.0000146975938292 -0.0000040171517556 -0.0000002021657038 -0.0000001984744932 -0.0000000170811492
-0.0415696745130956 0.0164470635697501 0.0051961844520605 0.0033942907779608 -0.0001461175569742 -0.0003941475330818 0.0000570393197750 0.0000130771642430 -0.0000043314423446 -0.0000000503845724 -0.0000001937411614 -0.0000000223531455
-0.0418874386761996 0.0172073383828878 0.0049098376316733 0.0035359660738839 -0.0000388657312190 -0.0003878134458909 0.0000654016949722 0.0000111854227958 -0.0000045677233802 0.0000001080800914 -0.0000001827966710 -0.0000000269522208
-0.0421949419285912 0.0179757978033397 0.0046017495620396 0.0036678263566613 0.0000724496886499 -0.0003777373131393 0.0000732716170097 0.0000090408917145 -0.0000047173975138 0.0000002694146545 -0.0000001657084946 -0.0000000307472415
-0.0424920273503648 0.0187520841581882 0.0042716222599097 0.0037888897836693 0.0001873024153670 -0.0003638330439306 0.0000805289622356 0.0000066672503647 -0.0000047731278823 0.0000004295045133 -0.0000001427133346 -0.0000000335135310
-0.0427785424217880 0.0195358336108476 0.0039191727374816 0.0038981575604487 0.0003051153455819 -0.0003460422781559 0.0000870534935614 0.0000040933487877 -0.0000047290724298 0.0000005840143775 -0.0000001142635901 -0.0000000351005173
-0.0430543391055439 0.0203266763547641 0.0035441333064468 0.0039946147993050 0.0004252596691731 -0.0003243368329343 0.0000927261467494 0.0000013531527474 -0.0000045811141826 0.0000007284812742 -0.0000000810146166 -0.0000000353689452
-0.0433192739267362 0.0211242368111093 0.0031462518722764 0.0040772313974582 0.0005470540305308 -0.0002987211889071 0.0000974304203190 -0.0000015143858603 -0.0000043270778522 0.0000008584167023 -0.0000000438048323 -0.0000000343146371
-0.0435732080506134 0.0219281338303521 0.0027252922185212 0.0041449629341151 0.0006697637430006 -0.0002692350136884 0.0001010538703628 -0.0000044655387585 -0.0000039669330750 0.0000009694276746 -0.0000000036946411 -0.0000000318559674
-0.0438160073579665 0.0227379808975968 0.0022810342809049 0.0041967515858260 0.0007926000576032 -0.0002359557194847 0.0001034897116914 -0.0000074520994574 -0.0000035029763672 0.0000010573324794 0.0000000381056970 -0.0000000280103229
-0.0440475425181555 0.0235533863415673 0.0018132744109925 0.0042315270594732 0.0009147194871473 -0.0001990010519239 0.0001046385263586 -0.0000104217736348 -0.0000029399883174 0.0000011182931200 0.0000000802463278 -0.0000000228942677
-0.0442676890597231 0.0243739535471209 0.0013218256292297 0.0042482075422195 0.0010352231867541 -0.0001585317071386 0.0001044100805801 -0.0000133186702455 -0.0000022853573921 0.0000011489582304 0.0000001212569751 -0.0000000166135637
-0.0444763274385565 0.0251992811711669 0.0008065178671484 0.0042457006677384 0.0011531563918246 -0.0001147539738953 0.0001027252508612 -0.0000160838992859 -0.0000015491681828 0.0000011465930626 0.0000001595786660 -0.0000000093437826
-0.0446733431035532 0.0260289633618668 0.0002671981985442 0.0042229044980215 0.0012675079143934 -0.0000679223978344 0.0000995180601789 -0.0000186562829440 -0.0000007442443271 0.0000011092265488 0.0000001936442161 -0.0000000013232532
-0.0448586265597583 0.0268625899809890 -0.0002962689405604 0.0041787085200661 0.0013772096988033 -0.0000183424644235 0.0000947378244507 -0.0000209731862561 0.0000001138600022 0.0000010357790585 0.0000002218743681 0.0000000070129121
-0.0450320734289296 0.0276997468292917 -0.0008840015433494 0.0041119946567033 0.0014811364375428 0.0000336267024151 0.0000883514099807 -0.0000229714751888 0.0000010069254296 0.0000009261995536 0.0000002428252385 0.0000000154107034
-0.0451935845075028 0.0285400158748002 -0.0014960998352172 0.0040216382908477 0.0015781052480980 0.0000875696293431 0.0000803456018805 -0.0000245886075694 0.0000019142000494 0.0000007815748062 0.0000002551680149 0.0000000234892763
-0.0453430658219154 0.0293829754838475 -0.0021326460885054 0.0039065093024115 0.0016668754115657 0.0001430117736575 0.0000707295837147 -0.0000257638644853 0.0000028126049210 0.0000006042369370 0.0000002577928725 0.0000000308720301
-0.0454804286812611 0.0302282006547444 -0.0027937044491360 0.0037654731171280 0.0017461481737880 0.0001994167975741 0.0000595375279908 -0.0000264397281828 0.0000036770236573 0.0000003978358286 0.0000002498688882 0.0000000369969840
-0.0456055897272432 0.0310752632539420 -0.0034793207752889 0.0035973917665147 0.0018145666096429 0.0002561838402380 0.0000468312974647 -0.0000265634151376 0.0000044806794315 0.0000001673911397 0.0000002309458257 0.0000000416558980
-0.0457184709813944 0.0319237322545495 -0.0041895224882645 0.0034011249582021 0.0018707155511579 0.0003126447908767 0.0000327032569175 -0.0000260885664851 0.0000051956203335 -0.0000000806839425 0.0000002009527628 0.0000000444184330
-0.0458189998895391 0.0327731739770661 -0.0049243184356735 0.0031755311558250 0.0019131215799960 0.0003680615663310 0.0000172791942144 -0.0000249771091512 0.0000057933036707 -0.0000003386211532 0.0000001603416579 0.0000000449094114
-0.0459071093634689 0.0336231523321883 -0.0056836987670751 0.0029194686676959 0.0019402530848444 0.0004216233967408 0.0000007213506966 -0.0000232012880209 0.0000062453069516 -0.0000005973576086 0.0000001100854125 0.0000000429606083
-0.0459827378198052 0.0344732290655479 -0.0064676348221828 0.0026317967434415 0.0019505203841969 0.0004724441226220 -0.0000167684406711 -0.0000207458794376 0.0000065241716053 -0.0000008466802875 0.0000000517221185 0.0000000384735064
-0.0460458292160295 0.0353229640042385 -0.0072760790317553 0.0023113766777875 0.0019422759149266 0.0005195595069425 -0.0000349455102121 -0.0000176105909781 0.0000066043782768 -0.0000010754162154 -0.0000000125800641 0.0000000314460673
-0.0460963330836544 0.0361719153049841 -0.0081089648312659 0.0019570729206755 0.0019138144870352 0.0005619245656910 -0.0000535190009218 -0.0000138126558866 0.0000064634829994 -0.0000012717202046 -0.0000000800719674 0.0000000221152944
-0.0461342045585199 0.0370196397038041 -0.0089662065874556 0.0015677541928756 0.0018633736048783 0.0005984109205309 -0.0000721484137045 -0.0000093896245912 0.0000060834108363 -0.0000014234337640 -0.0000001474467574 0.0000000107664218
-0.0461594044081910 0.0378656927670266 -0.0098476995378446 0.0011422946062622 0.0017891338551595 0.0006278041769910 -0.0000904400499731 -0.0000044023646742 0.0000054519283561 -0.0000015185543343 -0.0000002108531726 -0.0000000020595219
-0.0461718990564446 0.0387096291435026 -0.0107533197432910 0.0006795747879088 0.0016892193618471 0.0006488013318414 -0.0001079433538414 0.0000010617292400 0.0000045642973691 -0.0000015458064995 -0.0000002660904704 -0.0000000156192636
-0.0461716606048271 0.0395510028178702 -0.0116829240536585 0.0001784830071543 0.0015616983082320 0.0006600082131528 -0.0001241471552124 0.0000068853063004 0.0000034251346159 -0.0000014953541547 -0.0000003086595973 -0.0000000289867327
-0.0461586668512682 0.0403893673647199 -0.0126363500866550 -0.0003620836952113 0.0014045835261754 0.0006599369566078 -0.0001384758165668 0.0000129174070749 0.0000020504789650 -0.0000013596392187 -0.0000003340861309 -0.0000000410731340
-0.0461329013057418 0.0412242762035094 -0.0136134162198980 -0.0009432183764977 0.0012158331526162 0.0006470035216346 -0.0001502852852913 0.0000189695809765 0.0000004700845297 -0.0000011343821186 -0.0000003381500391 -0.0000000508297655
-0.0460943532029603 0.0420552828540749 -0.0146139215962454 -0.0015660030612611 0.0009933513533129 0.0006195252509896 -0.0001588590542598 0.0000248117699031 -0.0000012700475574 -0.0000008197414699 -0.0000003172927918 -0.0000000568790953
-0.0460430175120949 0.0428819411925901 -0.0156376461424293 -0.0022315076109134 0.0007349891137667 0.0005757184771004 -0.0001634040331461 0.0000301679496434 -0.0000031048868888 -0.0000004216734707 -0.0000002690018120 -0.0000000581184700
-0.0459788949435146 0.0437038057078168 -0.0166843506010165 -0.0029407885946587 0.0004385450971986 0.0005136961790336 -0.0001630463335847 0.0000347115264579 -0.0000049473234007 0.0000000465073006 -0.0000001925477245 -0.0000000534966286
-0.0459019919525373 0.0445204317574945 -0.0177537765757160 -0.0036948881626163 0.0001017665693984 0.0004314656932902 -0.0001568269707882 0.0000380604824739 -0.0000066848399846 0.0000005623451127 -0.0000000895247947 -0.0000000424344349
-0.0458123207401902 0.0453313758247186 -0.0188456465900378 -0.0044948329220149 -0.0002776496097775 0.0003269264821808 -0.0001436974850161 0.0000397722660881 -0.0000081758916264 0.0000010922228386 0.0000000352554323 -0.0000000247557132
-0.0457098992509765 0.0461361957741491 -0.0199596641593063 -0.0053416328173078 -0.0007020559285577 0.0001978679630784 -0.0001225154861209 0.0000393384213079 -0.0000092459711674 0.0000015890667166 0.0000001727161086 -0.0000000013646327
-0.0455947511676481 0.0469344511079001 -0.0210955138760156 -0.0062362800150984 -0.0011738530993873 0.0000419674020813 -0.0000920401246869 0.0000361789524805 -0.0000096833571972 0.0000019897726717 0.0000003084326732 0.0000000258491966
-0.0454669059029857 0.0477257032209544 -0.0222528615085115 -0.0071797477947240 -0.0016954888694644 -0.0001432121244321 -0.0000509274934370 0.0000296364212390 -0.0000092345223941 0.0000022123286384 0.0000004212151936 0.0000000531895205
-0.0453263985885876 0.0485095156559491 -0.0234313541129689 -0.0081729894453831 -0.0022694567660835 -0.0003602236970916 0.0000022740375104 0.0000189697694189 -0.0000075991854839 0.0000021525912308 0.0000004815516199 0.0000000748883053
-0.0451732700606737 0.0492854543571814 -0.0246306201586353 -0.0092169371706622 -0.0028982947773779 -0.0006117384461881 0.0000691285472361 0.0000033478662767 -0.0000044249974101 0.0000016807255706 0.0000004497506535 0.0000000823844655
-0.0450075668429108 0.0500530879236785 -0.0258502696662885 -0.0103125010013263 -0.0035845839689379 -0.0009005473664610 0.0001513173486790 -0.0000181572242355 0.0000006981573262 0.0000006372403628 0.0000002738944944 0.0000000636091203
-0.0448293411262622 0.0508119878611807 -0.0270898943598592 -0.0114605677172321 -0.0043309470369908 -0.0012295630505657 0.0002506438268873 -0.0000465772585354 0.0000082442610253 -0.0000011713599908 -0.0000001125425843 0.0000000020768015
-0.0446386507458813 0.0515617288328857 -0.0283490678311540 -0.0126619997792311 -0.0051400467987780 -0.0016018213382720 0.0003690383266062 -0.0000830551158860 0.0000187576750295 -0.0000039773923126 -0.0000007933849165 -0.0000001241282794
