0.7128807261692356 1.0458466614402686 0.7046987357917889 -0.3077241253602258 0.1067548458010045 -0.0317072568462045 -0.0083176307623424 -0.0020076055447789 -0.0004359543352572 -0.0000889859123776 0.0000168819221099 -0.0000030201837177
0.7224059043776191 1.0375448237553759 0.6774443221441754 -0.2814310475838699 0.0909253684286389 -0.0245097568591422 -0.0056438920898140 -0.0011408580241721 -0.0001928284848141 -0.0000267445387660 0.0000024211938452 0.0000000910969120
0.7318517926522277 1.0288976421988325 0.6502994684951906 -0.2559766409600361 0.0761261813820376 -0.0180713812362166 -0.0033804254396481 -0.0004554867960197 -0.0000160506068622 0.0000140582135924 -0.0000059135243031 0.0000016118911945
0.7412153028968885 1.0199073241310419 0.6232776581672770 -0.2313612000747087 0.0623282220546239 -0.0123485324035676 -0.0014900439969465 0.0000718535118082 0.0001057794106610 0.0000381417501760 -0.0000097972465058 0.0000020706467037
0.7504933678910866 1.0105762185048002 0.5963923116985392 -0.2075844543854008 0.0495022705477492 -0.0072987272012897 0.0000624607116938 0.0004625671716915 0.0001827350986708 0.0000495021029773 -0.0000105805953487 0.0000018705178385
0.7596829425424876 1.0009068150518470 0.5696567802649712 -0.1846455698485172 0.0376189751423087 -0.0028806094009659 0.0013103646953257 0.0007362153528990 0.0002236676499888 0.0000514907917438 -0.0000093356889622 0.0000013102527307
0.7687810051318290 0.9909017434049861 0.5430843391345241 -0.1625431508675198 0.0266488777440579 0.0009460390068205 0.0022850582302462 0.0009106120487790 0.0002363051222042 0.0000468877648179 -0.0000068974517596 0.0000006047520204
0.7777845585496001 0.9805637721561308 0.5166881811563119 -0.1412752425606050 0.0165624392860168 0.0042202877562637 0.0030160933834632 0.0010019178780752 0.0002273466875229 0.0000379686503008 -0.0000039005094541 -0.0000000986609553
0.7866906315239630 0.9698958078506652 0.4904814102882326 -0.1208393333464657 0.0073300650714955 0.0069800494816444 0.0035312322638614 0.0010247317077199 0.0002025520258025 0.0000265665975475 -0.0000008119366701 -0.0000007057774868
0.7954962798393430 0.9589008939185384 0.4644770351662652 -0.1012323578465271 -0.0010778699587516 0.0092620721233375 0.0038564959373625 0.0009921800472717 0.0001668259664658 0.0000141289885204 0.0000020397436308 -0.0000011634085100
0.8041985875451397 0.9475822095425479 0.4386879627186731 -0.0824507001018705 -0.0086909960516079 0.0111019325630449 0.0040162139420097 0.0009160041713610 0.0001242984848326 0.0000017692750073 0.0000044391376386 -0.0000014490776753
0.8127946681540073 0.9359430684642888 0.4131269918283464 -0.0644901971028957 -0.0155389235752157 0.0125340314856492 0.0040330743388908 0.0008066449261408 0.0000784001612283 -0.0000096858109486 0.0000062615888460 -0.0000015629786921
0.8212816658291525 0.9239869177282811 0.3878068070464558 -0.0473461426295839 -0.0216512180773690 0.0135915894644019 0.0039281742348462 0.0006733251844086 0.0000319332178897 -0.0000196533878185 0.0000074538846016 -0.0000015205046320
0.8296567565601168 0.9117173363648182 0.3627399723606062 -0.0310132914000609 -0.0270573754847783 0.0143066442651063 0.0037210707133977 0.0005241299124478 -0.0000128617552275 -0.0000277556816678 0.0000080175468661 -0.0000013471332012
0.8379171493264958 0.8991380340121110 0.3379389250206186 -0.0154858635250005 -0.0317867974592278 0.0147100493641479 0.0034298321093777 0.0003660838189282 -0.0000542432646764 -0.0000337851453524 0.0000079945625591 -0.0000010735245606
0.8460600872490703 0.8862528494783192 0.3134159694250582 -0.0007575492652219 -0.0358687669265218 0.0148314736743153 0.0030710895643287 0.0002052265580940 -0.0000909104500562 -0.0000376732238230 0.0000074552540150 -0.0000007324834080
0.8540828487278248 0.8730657492441136 0.2891832710715956 0.0131784859103189 -0.0393324237939718 0.0146994024714933 0.0026600887987999 0.0000466854625871 -0.0001219485730870 -0.0000394625161681 0.0000064882325409 -0.0000003559841162
0.8619827485663224 0.8595808259064182 0.2652528505742446 0.0263295959691132 -0.0422067408720661 0.0143411395144519 0.0022107420384294 -0.0001052542127752 -0.0001467783311646 -0.0000392821403320 0.0000051920308636 0.0000000264160590
0.8697571390819342 0.8458022965640235 0.2416365777505062 0.0387036486653973 -0.0445205000157916 0.0137828103490767 0.0017356800312830 -0.0002470815544794 -0.0001651088750314 -0.0000373260383499 0.0000036683257719 0.0000003890636501
0.8774034112014038 0.8317345011457933 0.2183461657813925 0.0503090195994461 -0.0463022685009568 0.0130493667875293 0.0012463040934779 -0.0003759947734546 -0.0001768944030566 -0.0000338340709109 0.0000020166414059 0.0000007109752079
0.8849189955412543 0.8173819006821980 0.1953931654472861 0.0611545859893309 -0.0475803756506555 0.0121645925519905 0.0007528381216642 -0.0004898385182380 -0.0001822942019730 -0.0000290756608288 0.0000003301336960 0.0000009761533456
0.8923013634725340 0.8027490755209596 0.1727889594425438 0.0712497201587454 -0.0483828897268819 0.0111511100718072 0.0002643805103335 -0.0005870437229444 -0.0001816360091592 -0.0000233357832687 -0.0000013073849828 0.0000011737000248
0.8995480281694182 0.7878407234875966 0.1505447567717123 0.0806042827446695 -0.0487375951020906 0.0100303884220440 -0.0002110440868538 -0.0006665699947048 -0.0001753825666550 -0.0000169031588369 -0.0000028235934724 0.0000012975702265
0.9066565456411835 0.7726616579917042 0.1286715872301900 0.0892286156287960 -0.0486719697253322 0.0088227523905669 -0.0006664332120989 -0.0007278505383527 -0.0001641012355606 -0.0000100604165246 -0.0000041589734945 0.0000013461693753
0.9136245157470820 0.7572168060798177 0.1071802959721235 0.0971335345967894 -0.0482131628973703 0.0075473926600558 -0.0010957553349425 -0.0007707396145845 -0.0001484365400981 -0.0000030760933648 -0.0000052674104138 0.0000013217793446
0.9204495831936475 0.7415112064357379 0.0860815381682794 0.1043303217296068 -0.0473879733690023 0.0062223770905268 -0.0014938989190443 -0.0007954625239175 -0.0001290855161302 0.0000038017321272 -0.0000061163046267 0.0000012303123167
0.9271294385139797 0.7255500073292297 0.0653857737565967 0.1108307175312464 -0.0462228277765630 0.0048646630870832 -0.0018566218828401 -0.0008025681065986 -0.0001067757262705 0.0000103502885513 -0.0000066861201483 0.0000010800880340
0.9336618190285497 0.7093384645140124 0.0451032622880677 0.1166469127974389 -0.0447437594283962 0.0034901110369085 -0.0021805015118632 -0.0007928837422515 -0.0000822458193775 0.0000163756397794 -0.0000069696352858 0.0000008816088235
0.9400445097870915 0.6928819390760115 0.0252440578705571 0.1217915402299504 -0.0429763874558089 0.0021134987988831 -0.0024628848794249 -0.0007674728328802 -0.0000562284980715 0.0000217150136876 -0.0000069708967291 0.0000006465739538
0.9462753444911426 0.6761858952328355 0.0058180042131132 0.1262776658012720 -0.0409458963418178 0.0007485372280494 -0.0027018398316354 -0.0007275947499041 -0.0000294357715345 0.0000262380558829 -0.0000067038718532 0.0000003875263431
0.9523522063968102 0.6592558980854956 -0.0131652702267222 0.1301187798746578 -0.0386770158407388 -0.0005921132830460 -0.0028961065920615 -0.0006746672178851 -0.0000025463602692 0.0000298471825262 -0.0000061910864989 0.0000001171219343
0.9582730291973488 0.6420976113233814 -0.0316963569901513 0.1333287880845591 -0.0361940013013742 -0.0018968252652482 -0.0030450500401075 -0.0006102311106565 0.0000238048706779 0.0000324771173232 -0.0000054620624782 -0.0000001524037780
0.9640357978851391 0.6247167948835533 -0.0497660722565033 0.1359220019826670 -0.0335206144063660 -0.0031549856555757 -0.0031486127162071 -0.0005359176294307 0.0000490355762504 0.0000340937286855 -0.0000045517479167 -0.0000004096635469
0.9696385495926764 0.6071193025654154 -0.0673654613724164 0.1379131294548882 -0.0306801043399331 -0.0043569763222285 -0.0032072686061780 -0.0004534178282388 0.0000726228220336 0.0000346923120825 -0.0000034990389966 -0.0000006444391880
0.9750793744121779 0.5893110796018668 -0.0844858032685294 0.1393172649147091 -0.0276951893959699 -0.0054941536528894 -0.0032219777556847 -0.0003644544522021 0.0000941083168420 0.0000342953847411 -0.0000023451963314 -0.0000008479686946
0.9803564161934310 0.5712981601880430 -0.1011186147614447 0.1401498792785292 -0.0245880390382204 -0.0065588272279842 -0.0031941417647197 -0.0002707560480701 0.0001131021155464 0.0000329500971618 -0.0000011324319401 -0.0000010132355097
0.9854678733195152 0.5530866649687876 -0.1172556547387888 0.1404268097286570 -0.0213802564238780 -0.0075442376013384 -0.0031255602113666 -0.0001740333069318 0.0001292849059170 0.0000307253636201 0.0000000973800184 -0.0000011350558242
0.9904119994600441 0.5346827984860056 -0.1328889282252509 0.1401642492697870 -0.0180928614017390 -0.0084445332111050 -0.0030183880518200 -0.0000759575924206 0.0001424089991748 0.0000277087754080 0.0000013039652093 -0.0000012101496056
0.9951871043015705 0.5160928465870767 -0.1480106903275416 0.1393787360848796 -0.0147462739956797 -0.0092547464446772 -0.0028750940438293 0.0000218583907921 0.0001522981417657 0.0000240033793570 0.0000024496420014 -0.0000012370721268
0.9997915542548296 0.4973231737955213 -0.1626134500562780 0.1380871426964905 -0.0113602983839345 -0.0099707688816343 -0.0026984202381453 0.0001178778415533 0.0001588462524644 0.0000197244029367 0.0000035002981083 -0.0000012162718329
1.0042237731384855 0.4783802206451358 -0.1766899740228548 0.1363066649396817 -0.0079541073843280 -0.0105893257396897 -0.0024913425821787 0.0002106550676033 0.0001620152065612 0.0000149959567758 0.0000044261209380 -0.0000011498650187
1.0084822428390663 0.4592705009788236 -0.1902332900094346 0.1340548107527747 -0.0045462274552981 -0.0111079495487699 -0.0022570326783688 0.0002988487121418 0.0001618317627133 0.0000099478079412 0.0000052021456275 -0.0000010415119591
1.0125655039467907 0.4400005992133725 -0.2032366904102520 0.1313493887922841 -0.0011545242222015 -0.0115249530792683 -0.0019988207384199 0.0003812330551548 0.0001583837450742 0.0000047122508881 0.0000058087502559 -0.0000008961672826
1.0164721563669801 0.4205771675714466 -0.2156937355424808 0.1282084968784815 0.0022038114619383 -0.0118394015507697 -0.0017201597731627 0.0004567074514811 0.0001518155789597 -0.0000005788786791 0.0000062318859712 -0.0000007199691972
1.0202008599067869 0.4010069232820682 -0.2275982568249968 0.1246505102781221 0.0055122769124097 -0.0120510841482275 -0.0014245910565846 0.0005243039670441 0.0001423232762048 -0.0000057969957100 0.0000064631920188 -0.0000005198340706
1.0237503348369570 0.3812966457508901 -0.2389443598234236 0.1206940698309665 0.0087550704570532 -0.0121604848729199 -0.0011157109006953 0.0005831932777637 0.0001301489713499 -0.0000108193449093 0.0000064999853545 -0.0000003032642996
1.0271193624283765 0.3614531737015689 -0.2497264271599168 0.1163580699268049 0.0119171037206488 -0.0121687527561399 -0.0007971387770271 0.0006326888973118 0.0001155750925568 -0.0000155313321485 0.0000063450762424 -0.0000000781478249
1.0303067854631467 0.3414834022895648 -0.2599391212862187 0.1116616463397804 0.0149840133416638 -0.0120776714638049 -0.0004724868183391 0.0006722498027976 0.0000989182605419 -0.0000198285824392 0.0000060064763288 0.0000001476377951
1.0333115087199580 0.3213942801897070 -0.2695773871185738 0.1066241639268821 0.0179421721139888 -0.0118896283208536 -0.0001453307330731 0.0007014815282414 0.0000805229983171 -0.0000236187148749 0.0000054970329681 0.0000003663580175
1.0361324994335328 0.3011928066588773 -0.2786364545331765 0.1012652041975591 0.0207786995466058 -0.0116075827844769 0.0001808178364091 0.0007201357977833 0.0000607553319306 -0.0000268228205411 0.0000048338841058 0.0000005707477758
1.0387687877279310 0.2808860285751750 -0.2871118407208812 0.0956045527614669 0.0234814718345211 -0.0112350343957748 0.0005025374829129 0.0007281087734984 0.0000399963604554 -0.0000293766302356 0.0000040379226620 0.0000007541078604
1.0412194670235120 0.2604810374549409 -0.2949993523999897 0.0896621866614361 0.0260391312346861 -0.0107759902396781 0.0008165217029118 0.0007254379925392 0.0000186358620724 -0.0000312313703332 0.0000031331551350 0.0000009106796891
1.0434836944173667 0.2399849664490241 -0.3022950878859877 0.0834582615988092 0.0284410948409912 -0.0102349319434366 0.0011196020385780 0.0007122980714346 -0.0000029339804741 -0.0000323543127147 0.0000021459702184 0.0000010355822468
1.0455606910370530 0.2194049873196918 -0.3089954390171928 0.0770130990583499 0.0306775627527597 -0.0096167822441839 0.0014087696688373 0.0006889952556653 -0.0000243246926824 -0.0000327290151434 0.0000011044814541 0.0000011250778006
1.0474497423674523 0.1987483073995859 -0.3150970929353255 0.0703471733399899 0.0327395256316715 -0.0089268711564708 0.0016811954268925 0.0006559608948227 -0.0000451573773788 -0.0000323552635706 0.0000000377236082 0.0000011766077592
1.0491501985506151 0.1780221665341425 -0.3205970337201155 0.0634810985047233 0.0346187716422764 -0.0081709017708942 0.0019342482231183 0.0006137439246553 -0.0000650682983452 -0.0000312487283231 -0.0000010250336139 0.0000011888967436
1.0506614746584455 0.1572338340088979 -0.3254925438771090 0.0564356152420084 0.0363078927717748 -0.0073549157152451 0.0021655118541313 0.0005630024382869 -0.0000837141201829 -0.0000294403480631 -0.0000020550477621 0.0000011618655128
1.0519830509381056 0.1363906054631111 -0.3297812056779232 0.0492315776660820 0.0378002905250771 -0.0064852583097770 0.0023728001801197 0.0005044944303080 -0.0001007767605890 -0.0000269754569693 -0.0000030247722338 0.0000010967005440
1.0531144730300184 0.1154997997911400 -0.3334609023522747 0.0418899400486229 0.0390901809915510 -0.0055685434484747 0.0025541706549852 0.0004390677981125 -0.0001159678114230 -0.0000239126745550 -0.0000039085271171 0.0000009957856780
1.0540553521583784 0.0945687560330166 -0.3365298191311746 0.0344317434952469 0.0401725992802857 -0.0046116182383502 0.0027079361948665 0.0003676496859102 -0.0001290324884321 -0.0000203225888308 -0.0000046831056042 0.0000008625605801
1.0548053652940759 0.0736048302556665 -0.3389864441407671 0.0268781025733349 0.0410434033210841 -0.0036215274289707 0.0028326753726970 0.0002912352576696 -0.0001397530816111 -0.0000162862414167 -0.0000053282847058 0.0000007014827454
1.0553642552899560 0.0526153924262296 -0.3408295691463548 0.0192501918987318 0.0416992770287853 -0.0026054776645855 0.0029272409285199 0.0002108759856195 -0.0001479518713340 -0.0000118934559626 -0.0000058273420032 0.0000005178224918
1.0557318309883648 0.0316078232789359 -0.3420582901462418 0.0115692326888699 0.0421377328289681 -0.0015708015913197 0.0029907665860624 0.0001276675418760 -0.0001534934923276 -0.0000072410276636 -0.0000061673576462 0.0000003175342743
1.0559079673009131 0.0105895111769998 -0.3426720078150881 0.0038564792898929 0.0423571135434167 -0.0005249218520109 0.0030226721691800 0.0000427373809268 -0.0001562867199398 -0.0000024308082593 -0.0000063395715319 0.0000001070684247
1.0558926052604400 -0.0104321510290076 -0.3426704277965573 -0.0038667943146323 0.0423565936342061 0.0005246849986407 0.0030226670125027 -0.0000427678986940 -0.0001562856714468 0.0000024322877084 -0.0000063395653743 -0.0000001068196929
1.0556857520451397 -0.0314497691448409 -0.3420535608451102 -0.0115793080058156 0.0421361798056393 0.0015705246259177 0.0029907516628200 -0.0001276953251984 -0.0001534904058990 0.0000072423218549 -0.0000061673322181 -0.0000003172913853
1.0552874809748449 -0.0524559507768543 -0.3408217228168722 -0.0192597890347530 0.0416967109636364 0.0026051210611691 0.0029272178696533 -0.0002108983680542 -0.0001479469240870 0.0000118943871356 -0.0000058273182601 -0.0000005175851669
1.0546979314794716 -0.0734433084754001 -0.3389755345095822 -0.0268869855234381 0.0410398575326698 0.0036210528293832 0.0028326468649548 -0.0002912497077670 -0.0001397465624132 0.0000162866463871 -0.0000053282821115 -0.0000007012483839
1.0539173090396354 -0.0944044628758864 -0.3365159213517078 -0.0344396799536714 0.0401681201306632 0.0046109890255217 0.0027079059337936 -0.0003676538718785 -0.0001290247915103 0.0000203223246799 -0.0000046831256207 -0.0000008623411168
1.0529458850994726 -0.1153320458360309 -0.3334441129408819 -0.0418967026363724 0.0390848276027129 0.0055677253069057 0.0025541432798452 -0.0004390596492468 -0.0001159594232741 0.0000239116275250 -0.0000039086020299 -0.0000009955726922
1.0517839969517013 -0.1362187035678482 -0.3297616424319024 -0.0492369451537079 0.0377941344148974 0.0064842197690051 0.0023727811909213 -0.0005044721942640 -0.0001007682473471 0.0000269735442101 -0.0000030249336082 -0.0000010965079397
1.0504320475949769 -0.1570570997629108 -0.3254703457746033 -0.0564393737664637 0.0363010174098272 0.0073536286720989 0.0021655075120373 -0.0005629647327630 -0.0000837061109906 0.0000294375256512 -0.0000020553118033 -0.0000011616855449
1.0488905055636153 -0.1778399187094269 -0.3205723608019858 -0.0634830427791120 0.0346112719260338 0.0081693419863216 0.0019342654346416 -0.0006136897830523 -0.0000650614665534 0.0000312449906883 -0.0000010254140641 -0.0000011887319332
1.0471599047297531 -0.1985598683996854 -0.3150701261690760 -0.0703471078550421 0.0327315072836123 0.0089250187227957 0.0016812416131809 -0.0006558898045839 -0.0000451524191589 0.0000323506485188 0.0000000371848796 -0.0000011764833306
1.0452408440780452 -0.2192096836264170 -0.3089663801430497 -0.0770108392744556 0.0306691416390454 0.0096146220186671 0.0014088526212754 -0.0006889071886722 -0.0000243223061489 0.0000327236043064 0.0000011037711306 -0.0000011249807417
1.0431339874529961 -0.2397821290666331 -0.3022641592452336 -0.0834536351274577 0.0284323962124276 0.0102324539440337 0.0011197297619360 -0.0007121935057478 -0.0000029348421423 0.0000323482302378 0.0000021450839382 -0.0000010355204817
1.0408400632790533 -0.2602700023515024 -0.2949667967456833 -0.0896550344349086 0.0260302888908043 0.0107731899989858 0.0008167022476360 -0.0007253179246477 0.0000186311213116 0.0000312247782881 0.0000031320678878 -0.0000009106758611
1.0383598642535783 -0.2806661371208415 -0.2870779210110967 -0.0955947301896433 0.0234726272116297 0.0112319132691437 0.0005027787683094 -0.0007279747207233 0.0000399871768437 0.0000293697309554 0.0000040366453777 -0.0000007541594464
1.0356942470128552 -0.3009634060607939 -0.2786014537069013 -0.1012525823107101 0.0207700007308522 0.0116041482083802 0.0001811274664667 -0.0007199897900958 0.0000607412359942 0.0000268158478616 0.0000048324090558 -0.0000005708175747
1.0328441317712747 -0.3211547239232861 -0.2695416078544379 -0.1066086305033234 0.0179337727804189 0.0118858940175839 -0.0001449456592644 -0.0007013260895655 0.0000805036317436 0.0000236119258271 0.0000054953884088 -0.0000003665246886
1.0298105019338717 -0.3412330505258570 -0.2599028857442161 -0.1116431070172855 0.0149760716204709 0.0120736575887509 -0.0004720198994085 -0.0006720879213709 0.0000988933999907 0.0000198222547889 0.0000060046936384 -0.0000001478290615
1.0265944036823933 -0.3611913937304643 -0.2496900767063106 -0.1163364492966763 0.0119097809918174 0.0121644859838292 -0.0007965845031662 -0.0006325239847890 0.0001155446664166 0.0000155257533075 0.0000063431813827 0.0000000778882956
1.0231969455350887 -0.3810228123998874 -0.2389082547390264 -0.1206693125136834 0.0087485300746725 0.0121559984182050 -0.0011150648459650 -0.0005830291176904 0.0001301130736706 0.0000108148014294 0.0000064980370458 0.0000003029341929
1.0196192978804235 -0.4007204193303499 -0.2275627759970388 -0.1246225819794986 0.0055066828600673 0.0120464177189691 -0.0014238500673972 -0.0005241446523280 0.0001422821807223 0.0000057937658681 0.0000064612520599 0.0000005194531951
1.0158626924849405 -0.4202773841590025 -0.2156592761402805 -0.1281773854252790 0.0021993269406140 0.0118346012285421 -0.0017193221501375 -0.0004565573117138 0.0001517697450303 0.0000005772196535 0.0000062299988616 0.0000007195661806
1.0119284219754838 -0.4396869362449173 -0.2032036675449272 -0.1313151051462391 -0.0011577382721880 0.0115200711246192 -0.0019978864086649 -0.0003810965739990 0.0001583338234926 -0.0000047121145316 0.0000058069894131 0.0000008957391049
1.0078178392960393 -0.4589423675222570 -0.1902021363778910 -0.1340173900020200 -0.0045480138967100 0.0111030441277116 -0.0022560033555716 -0.0002987304357782 0.0001617785905146 -0.0000099456925212 0.0000052005888518 0.0000010410302929
1.0035323571394330 -0.4780370353242961 -0.1766611395363097 -0.1362661672665605 -0.0079543144881021 0.0105844605681828 -0.0024902219112555 -0.0002105595048629 0.0001619598050111 -0.0000149917303028 0.0000044248327471 0.0000011493950023
0.9990734473541537 -0.4969643651769889 -0.1625874014535861 -0.1380436543207700 -0.0113587814952230 0.0099660127848928 -0.0026972139213003 -0.0001178093567832 0.0001587898120860 -0.0000197179960779 0.0000034993669559 0.0000012157875899
0.9944426403265773 -0.5157178535607865 -0.1479879107735928 -0.1393323701814013 -0.0147428972589998 0.0092501728282502 -0.0028738099448389 -0.0000218210916273 0.0001522420056508 -0.0000239947930842 0.0000024491076284 0.0000012366159284
0.9896415243388718 -0.5342910706394327 -0.1328699168947362 -0.1401151468596012 -0.0180874995433667 0.0084402194408335 -0.0030170362750367 0.0000759599728199 0.0001423546400088 -0.0000276980849654 0.0000013039043255 0.0000012097108177
0.9846717449028882 -0.5526776629544685 -0.1172409263856259 -0.1403751405427184 -0.0213727965895201 0.0075402642892858 -0.0031241531521017 0.0001739975288088 0.0001292338948006 -0.0000307127262594 0.0000000978515389 0.0000011347033442
0.9795350040703371 -0.5708713560842097 -0.1011086992741723 -0.1400958425930391 -0.0245783826839561 0.0065552774217025 -0.0031926941273512 0.0002706794862388 0.0001130560895924 -0.0000329357543757 -0.0000011314243264 0.0000010129646919
0.9742330597195766 -0.5888659572659656 -0.0844812452119914 -0.1392610903572264 -0.0276832542303681 0.0054911119253508 -0.0032205065356827 0.0003643352143003 0.0000940689352321 -0.0000342796645987 -0.0000023436206706 0.0000008477929165
0.9687677248193374 -0.6066553579802905 -0.0673668195160607 -0.1378550777803378 -0.0306658263152119 0.0043545277600095 -0.0032057930326661 0.0004532548705873 0.0000725917219536 -0.0000346756201726 -0.0000034969093386 0.0000006443459954
0.9631408666697244 -0.6242335364960800 -0.0497739190896367 -0.1358623658184119 -0.0335039497563988 0.0031532147428787 -0.0031471541506353 0.0005357108653886 0.0000490143223935 -0.0000340765445229 -0.0000045490788098 0.0000004097194952
0.9573544061208512 -0.6415945603753412 -0.0317112782244944 -0.1332678926437152 -0.0361749286242359 0.0018958146616043 -0.0030436318278545 0.0006099815106569 0.0000237948997548 -0.0000324599908823 -0.0000054589091748 0.0000001525743478
0.9514103167694592 -0.6587325889364808 -0.0131878642866247 -0.1300569836368602 -0.0386555382235345 0.0005919424925470 -0.0028947538622435 0.0006743768968903 -0.0000025437966305 -0.0000298307138843 -0.0000061875504488 -0.0000001168584752
0.9453106241339002 -0.6756418756749875 0.0057871267124333 -0.1262153611601266 -0.0409220435253675 -0.0007477932979346 -0.0027005792415349 0.0007272670392631 -0.0000294196674922 -0.0000262228783308 -0.0000067000481655 -0.0000003871294106
0.9390574048078580 -0.6923167706403944 0.0252042746563746 -0.1217291541064267 -0.0429502180367709 -0.0021117713907147 -0.0024617442992459 0.0007671123330832 -0.0000561981529984 -0.0000217017837025 -0.0000069668961320 -0.0000006460360006
0.9326527855932032 -0.7087517227684343 0.0450539399747291 -0.1165849072184892 -0.0447153630963725 -0.0034873392105789 -0.0021795096457745 0.0007924963533030 -0.0000822008972216 -0.0000163650053362 -0.0000069656270399 -0.0000008809549628
0.9260989426123758 -0.7249412821673195 0.0653262684009256 -0.1107695901729606 -0.0461923275836227 -0.0048607955025762 -0.0018558078218665 0.0008021610312391 -0.0001067163137580 -0.0000103428584713 -0.0000066822459752 -0.0000010794039988
0.9193981004007125 -0.7408801023571077 0.0860111958354074 -0.1042706064242493 -0.0473555280290663 -0.0062173739075765 -0.0014932916218853 0.0007950442385987 -0.0001290121726454 -0.0000037980609119 -0.0000061127746970 -0.0000012295144770
0.9125525309791247 -0.7565629424611260 0.1070984533113405 -0.0970758018030655 -0.0481789691128423 -0.0075412275557737 -0.0010953830319967 0.0007703198067913 -0.0001483503458712 0.0000030755473764 -0.0000052643942365 -0.0000013209969430
0.9055645529075717 -0.7719846693484596 0.1285775720604000 -0.0891734728647646 -0.0486362645382855 -0.0088154146963719 -0.0006663227287786 0.0007274400017867 -0.0001640038248094 0.0000100553203325 -0.0000041566530672 -0.0000013453760502
0.8984365303197456 -0.7871402597265326 0.1504378886760704 -0.0805523749827097 -0.0487006582673278 -0.0100218853806611 -0.0002112200816885 0.0006661804788853 -0.0001752761518650 0.0000168933329811 -0.0000028221415003 -0.0000012968744373
0.8911708719394277 -0.8020248021828289 0.1726685503718483 -0.0712017301820325 -0.0483450461041162 -0.0111414692151456 0.0002638963971578 0.0005866877329435 -0.0001815233875924 0.0000233212409262 -0.0000013069426387 -0.0000011731201813
0.8837700300789573 -0.8166334991748298 0.1952585203316873 -0.0611112347093109 -0.0475419976130318 -0.0121538642006500 0.0007520282137979 0.0004895290567352 -0.0001821787441657 0.0000290566280357 0.0000003294501631 -0.0000009757049526
0.8762364996202834 -0.8309616689672739 0.2181965831499803 -0.0502710663338074 -0.0462637783570963 -0.0130376266722139 0.0012451557219593 0.0003757450212270 -0.0001767800166737 0.0000338110210535 0.0000020147738431 -0.0000007106515779
0.8685728169790599 -0.8450047475158576 0.2414713503583251 -0.0386718913760996 -0.0444823724425235 -0.0137701623544346 0.0017341866809122 0.0002469044816405 -0.0001649999419314 0.0000372996968617 0.0000036652690344 -0.0000003889838053
0.8607815590522613 -0.8587582902965388 0.2650712660362817 -0.0263048714600308 -0.0421695053549587 -0.0143277185452751 0.0022089046009986 0.0001051621162634 -0.0001466796116183 0.0000392535035136 0.0000051878305801 -0.0000000265827995
0.8528653421498091 -0.8722179740796168 0.2889846125032896 -0.0131616699841148 -0.0392966670727672 -0.0146853774414685 0.0026579169375856 -0.0000466815037964 -0.0001218650736001 0.0000394328460271 0.0000064830452509 0.0000003555273877
0.8448268209106877 -0.8853795986477986 0.3131995160888558 0.0007655416913542 -0.0358351354425491 -0.0148170506169999 0.0030686031942699 -0.0002051173158551 -0.0000908472478091 0.0000376440197145 0.0000074493088252 0.0000007317750535
0.8366686872040573 -0.8982390884574858 0.3377039529781171 0.0154840783450722 -0.0317559998018401 -0.0146954746658756 0.0034270629969627 -0.0003658626437974 -0.0000542052814719 0.0000337581271101 0.0000079881827969 0.0000010726045171
0.8283936690158594 -0.9107924942425413 0.3624857551298052 0.0310007352867771 -0.0270301848338445 -0.0142922080193330 0.0037180642006803 -0.0005237935643644 -0.0000128534788424 0.0000277327103608 0.0000080111281540 0.0000013460580746
0.8200045293214336 -0.9230359945598282 0.3875326162636395 0.0473217830438721 -0.0216284746388449 -0.0135776289467642 0.0039249910916250 -0.0006728747741422 0.0000319080757372 0.0000196363891567 0.0000074478980169 0.0000015193730782
0.8115040649446521 -0.9349658972758407 0.4128320979141194 0.0644529623456938 -0.0155215370067751 -0.0125209347489534 0.0040297927472171 -0.0008060869744100 0.0000783390756095 0.0000096766475930 0.0000062565744926 0.0000015618535115
0.8028951054041051 -0.9465786409937693 0.4383716355476608 0.0823994794083845 -0.0086799478753398 -0.0110901421510846 0.0040129316171906 -0.0009153517939299 0.0001242006055253 -0.0000017689543436 0.0000044356632835 0.0000014480129526
0.7941805117468522 -0.9578707964203834 0.4641385447399915 0.1011660015231174 -0.0010742159578854 -0.0092520889024036 0.0038533323890145 -0.0009914542749795 0.0001666926922033 -0.0000141179572013 0.0000020383378919 0.0000011625501785
0.7853631753702861 -0.9688390676721281 0.4901200274106879 0.1207566529502968 0.0073251924748611 -0.0069724365884237 0.0035283312016289 -0.0010239629493626 0.0002023876703750 -0.0000265443037826 -0.0000008108540893 0.0000007053260865
0.7764460168326369 -0.9794802935198812 0.5163031781117071 0.1411750111221587 0.0165478286752122 -0.0042156746604755 0.0030136252704534 -0.0010011475352440 0.0002271592502910 -0.0000379355380553 -0.0000038966352284 0.0000000987745673
0.7674319846526648 -0.9897914485718227 0.5426749903667529 0.1624241031560434 0.0266232363772172 -0.0009451256870088 0.0022832229884608 -0.0009098942904488 0.0002361071733271 -0.0000468456531179 -0.0000068908333324 -0.0000006041115951
0.7583240540990882 -0.9997696443939287 0.5692223630582646 0.1845064026804256 0.0375809266498426 0.0028770481703735 0.0013093945664337 -0.0007356190611089 0.0002234773355189 -0.0000514433338875 -0.0000093267908656 -0.0000013090357496
0.7491252259702984 -1.0094121305675952 0.5959321068588231 0.2074238269756445 0.0494503526609612 0.0072898374537938 0.0000626232767957 -0.0004621780649284 0.0001825772822599 -0.0000494553330295 -0.0000105704994253 -0.0000018688556550
0.7398385253649207 -1.0187162956839662 0.6227909507037346 0.2311777344310589 0.0622608843684919 0.0123333764772763 -0.0014884426351868 -0.0000717764581902 0.0001056869608868 -0.0000381047257718 -0.0000097878772835 -0.0000020688382426
0.7304670004437706 -1.0276796682745430 0.6497855483015204 0.2557689223202188 0.0760417831551854 0.0180489331658938 -0.0033770373092907 0.0004551252671499 -0.0000160353713273 -0.0000140437757561 -0.0000059079458489 -0.0000016104158846
0.7210137211837887 -1.0362999176776959 0.6769024846790470 0.2811976248954585 0.0908221764235022 0.0244788976662137 -0.0056383238332123 0.0011399070028725 -0.0001926521819930 0.0000267188833143 0.0000024184753692 -0.0000000912010940
0.7114817781244970 -1.0445748548407243 0.7041282827580017 0.3074635118031204 0.1066310321671864 0.0316667697292486 -0.0083094399475702 0.0020058868041663 -0.0004355507320650 0.0000888970031531 0.0000168647083570 0.0000030173492725
