-0.0345109868942096 -0.8904950230374611 0.0098951513015374 -0.0151081449532446 0.0010809328170271 -0.0147760509298903 0.0001135534631270 0.0004690151944981 0.0000009596152792 0.0000305268073467 0.0000002651504115 -0.0000012396541018
-0.0255275928907038 0.5741283279093528 -0.0015480799892843 -0.1392592311069895 0.0004613967053597 -0.0063772301552687 -0.0000541851308889 0.0002579366912314 -0.0000019533915479 0.0000334688180142 -0.0000000216022233 0.0000010174112563
-0.0361473987642697 -0.4404863852008354 -0.0048866759760895 0.1316518061389089 0.0000396626312478 0.0116102092980123 -0.0000565419002793 0.0003176307955142 -0.0000041986641803 -0.0000093884513767 0.0000001509130691 -0.0000010423384360
-0.0162504504916108 0.9769534070782372 0.0047797581899241 0.1232795254293721 -0.0001113469466287 0.0067152615831792 0.0000418305671481 -0.0010459301622780 -0.0000024473770252 0.0000355215288525 -0.0000000455622885 0.0000001229690509
-0.0320431342244017 0.1233786088054023 -0.0064248238982901 -0.0411991363152498 -0.0009204520314853 -0.0058860793677179 0.0000555176337735 -0.0004242796671720 0.0000025250872058 -0.0000229776579318 -0.0000000928627761 -0.0000009746400994
-0.0352232023563780 -0.8274274603724160 0.0063733327580858 0.0463607827595939 0.0014919172919141 -0.0131085024406902 0.0000448431689322 -0.0002738715427948 0.0000049238327833 0.0000357311692583 0.0000001011449960 0.0000004660775292
-0.0239919305294515 0.6563349480893731 -0.0003166086851443 -0.1311832587553431 0.0006841286702285 -0.0006546179789446 -0.0000466604052229 0.0006351415409473 -0.0000001086692103 0.0000294006872319 -0.0000001030810057 -0.0000001013962163
-0.0358234235574717 -0.3488349682781702 -0.0059903981773252 0.1146539647375183 -0.0003826480462985 0.0123102254331621 -0.0000177408517765 0.0006272183529237 -0.0000027569166887 0.0000150550703499 0.0000001635872468 -0.0000000683876281
-0.0147031324190299 1.0231085727698495 0.0054141379722832 0.2257112617174901 -0.0007585267701181 -0.0123618247346397 -0.0000191541475843 0.0000591892129411 -0.0000007040856943 0.0000302092864045 -0.0000001055887128 -0.0000020735147244
-0.0308836118239513 0.2203152875283630 -0.0057106143304309 -0.0739339689312260 -0.0007075184620448 -0.0096848311957639 0.0000306989997484 -0.0006646636169529 0.0000006085216422 -0.0000312498979176 0.0000000194989047 -0.0000010814847500
-0.0357583821380692 -0.7581580907666208 0.0032565244202439 0.0913496646444367 0.0015250504862969 -0.0080174067867241 -0.0000254726195783 -0.0007246928342219 0.0000045470847427 0.0000088872400138 -0.0000001304135840 0.0000013120016813
-0.0224208040984079 0.7336080002801808 0.0008989251376689 -0.1096561699657113 0.0008067974146741 0.0059105537332830 -0.0000244460869982 0.0007739375960147 0.0000017485663995 0.0000042731436420 -0.0000000984569690 -0.0000011917954236
-0.0353352147037136 -0.2544944433895710 -0.0067144383479750 0.0899273207557205 -0.0007198410405303 0.0108570118798804 0.0000212835818689 0.0007238492755231 -0.0000003423117496 0.0000306415140210 0.0000000736428050 0.0000009063636805
-0.0315116248361895 -1.0337843619160234 0.0221117858459149 -0.2901493607564559 -0.0034560662921434 0.0263712868983812 -0.0002284146644940 -0.0016123775006402 0.0000118717370871 0.0000749229144806 0.0000005257004635 -0.0000027937272870
-0.0296203456085921 0.3155935201656866 -0.0048092066815406 -0.1020697350088976 -0.0004264668249161 -0.0119057435575130 0.0000005647079479 -0.0007003674778166 -0.0000014014178052 -0.0000236187075880 0.0000001120506466 -0.0000003787277215
-0.0361146795085948 -0.6831731338534482 0.0005554490272469 0.1208786745623910 0.0012971971687166 -0.0016332229985496 -0.0000738191835837 -0.0007762252709202 0.0000015024097032 -0.0000218205059431 -0.0000002089686466 0.0000006452342142
-0.0208284367816692 0.8053871155671925 0.0020597808027407 -0.0733279620571369 0.0008004564241136 0.0119426979615223 0.0000070716407343 0.0005464760068047 0.0000025971424021 -0.0000289149758331 -0.0000000002275735 -0.0000010575479303
-0.0346902437998050 -0.1581813516946840 -0.0070823671231700 0.0594672617681440 -0.0009461804340284 0.0076192250498758 0.0000518035302679 0.0005936845619514 0.0000020151694837 0.0000306548642437 -0.0000000558401024 0.0000012173252948
-0.0327078395106086 -0.9907565002875294 0.0175421281326106 -0.1777194991989548 -0.0011814069602893 0.0011870358284162 0.0000603763824509 0.0008571260128849 -0.0000082343634599 -0.0000583317228580 -0.0000003718876310 0.0000015811618907
-0.0282666751164969 0.4084877278371882 -0.0037620362671779 -0.1235641173056473 -0.0001091061336653 -0.0120805824332592 -0.0000278299954952 -0.0005088195251417 -0.0000027354731099 -0.0000030192154796 0.0000001324372645 0.0000006680288255
-0.0362919427593120 -0.6030110557779469 -0.0017255762168093 0.1361861253282479 0.0009100159211727 0.0044503707756828 -0.0000920032451946 -0.0005035119950272 -0.0000019120426903 -0.0000360706556414 -0.0000001146481631 -0.0000006071617260
-0.0192287701305325 0.8711621048389638 0.0031296477372010 -0.0210569849634526 0.0006422958132589 0.0155415423713950 0.0000379365897102 -0.0000480628848752 0.0000017308635073 -0.0000440397793762 0.0000001116228546 0.0000005364416599
-0.0338972992943443 -0.0606305002782245 -0.0071222705821247 0.0253484978643587 -0.0010495733807384 0.0031771471285913 0.0000681171565372 0.0002860600539649 0.0000034528055670 0.0000159751902408 -0.0000001486199243 0.0000006931546143
-0.0337417439950842 -0.9404550888815657 0.0133108832030969 -0.0833575940802975 0.0003043188597814 -0.0112989539809780 0.0001377347805823 0.0010449312721304 -0.0000051777039933 -0.0000111931599295 0.0000000995843382 -0.0000013416467845
-0.0268364323366768 0.4982942542065322 -0.0026113013809141 -0.1364668515116157 0.0002094091115339 -0.0099956418793146 -0.0000477573880138 -0.0001347323839774 -0.0000028761821774 0.0000206410449194 0.0000000701552415 0.0000012849322442
-0.0362916932832388 -0.5182577796288683 -0.0035885117485004 0.1387099766326729 0.0004493750199306 0.0091433432354223 -0.0000821079601826 -0.0000660163797729 -0.0000040038773837 -0.0000285330070584 0.0000000478035666 -0.0000012948087256
-0.0176353172621771 0.9304774704113068 0.0040751985081715 0.0480727539456087 0.0003171985822752 0.0142553094994649 0.0000539284994733 -0.0007731686268300 -0.0000006099834572 -0.0000163557138466 0.0000001031262216 0.0000017242499880
-0.0329663694670419 0.0374118096653002 -0.0068661972897046 -0.0103037173552926 -0.0010302488593175 -0.0017551520885725 0.0000680742836713 -0.0001042245927671 0.0000035308995870 -0.0000059887700211 -0.0000001564030163 -0.0000002808778779
-0.0346066620129209 -0.8831941426704342 0.0094471139919144 -0.0067494546939672 0.0011551345025388 -0.0148406578704054 0.0001065712284610 0.0003735728921168 0.0000016726227590 0.0000336254037622 0.0000002601904690 -0.0000010642500580
-0.0253437811330364 0.5843378247772612 -0.0013992706706180 -0.1389469786146826 0.0004926492330153 -0.0057622818614134 -0.0000541277870020 0.0003107038860751 -0.0000017624303155 0.0000341602193992 -0.0000000341724177 0.0000009178240394
-0.0361170852109062 -0.4295414180506533 -0.0050413819544535 0.1300668845714499 -0.0000148644740874 0.0118156070113010 -0.0000521935972185 0.0003643680149173 -0.0000041072158251 -0.0000063323575745 0.0000001588514308 -0.0000009515705896
-0.0160610241364893 0.9829363691207746 0.0048665883860458 0.1347370675216648 -0.0001809186444440 0.0050657629268778 0.0000374649176402 -0.0010176027302813 -0.0000025464590916 0.0000417785725273 -0.0000000696875411 -0.0000003047374515
-0.0319085136382848 0.1351946713288780 -0.0063495581284990 -0.0453429866395891 -0.0008992076569744 -0.0064103432403940 0.0000530105390315 -0.0004621580911956 0.0000023244507682 -0.0000247391552567 -0.0000000804209930 -0.0000010327195922
-0.0352975692703905 -0.8193506383533814 0.0059736114229422 0.0526748070992974 0.0015135977160730 -0.0126260680616385 0.0000357604267895 -0.0003485448542549 0.0000050922143407 0.0000336377584483 0.0000000704114409 0.0000006487170208
-0.0238030558040280 0.6659777198786339 -0.0001676009819296 -0.1293186316569611 0.0007049556169287 0.0001191064235259 -0.0000446849419631 0.0006679012597324 0.0000001361675601 0.0000273652229574 -0.0000001079861247 -0.0000002601212584
-0.0357728472755521 -0.3375265804002834 -0.0060979798988444 0.1120290524397158 -0.0004287087148514 0.0122437882777918 -0.0000128245901413 0.0006512027326017 -0.0000024958167011 0.0000176164205346 0.0000001572698967 0.0000000659230463
-0.0145181404656693 1.0282039883323009 0.0054778946246025 0.2393600316510277 -0.0008480094889196 -0.0156142885935025 -0.0000308500893424 0.0003689473331455 0.0000000523572129 0.0000140316199255 -0.0000000675060998 -0.0000015575067085
-0.0307357232831360 0.2319695078047269 -0.0056104880934861 -0.0776314288159703 -0.0006764822833340 -0.0100494418818671 0.0000271923897397 -0.0006809269399720 0.0000003535475104 -0.0000311871182558 0.0000000330759751 -0.0000010351235771
-0.0358111263831128 -0.7493613444285843 0.0029067624180079 0.0957305324316973 0.0015091596236449 -0.0072756505070480 -0.0000327895135893 -0.0007519819138226 0.0000042733867866 0.0000048384054932 -0.0000001502405801 0.0000013027131699
-0.0222286007254341 0.7426135992890528 0.0010433245600806 -0.1060650391652006 0.0008134189774379 0.0067030659312585 -0.0000209649234731 0.0007674616778580 0.0000019244559195 0.0000002550377216 -0.0000000907845297 -0.0000012603298442
-0.0352652077885318 -0.2429083113471542 -0.0067774957635263 0.0864991688154359 -0.0007535504514060 0.0105496589063003 0.0000255818876686 0.0007197068673359 -0.0000000334085208 0.0000315275982469 0.0000000584693541 0.0000009884275031
-0.0316650351626817 -1.0289641584636595 0.0215408628551727 -0.2755520178311028 -0.0031328894544238 0.0225029942022038 -0.0001777500671597 -0.0011255866293554 0.0000071199736793 0.0000374854923459 0.0000002056251535 -0.0000007823034970
-0.0294607748285004 0.3269969844372959 -0.0046891796620306 -0.1050692342813962 -0.0003892482551182 -0.0120428592190032 -0.0000031127437151 -0.0006890152458639 -0.0000016128099824 -0.0000216715662639 0.0000001190541667 -0.0000002558545653
-0.0361456926602968 -0.6737190527800241 0.0002565092568815 0.1234652390617257 0.0012568849361473 -0.0008533959815505 -0.0000776665086836 -0.0007577156703127 0.0000010658595015 -0.0000246740717900 -0.0000002053646296 0.0000004987209271
-0.0206346129868314 0.8136909201552878 0.0021950288332340 -0.0678604489099972 0.0007897474761208 0.0125522050797035 0.0000110940239948 0.0004919536546826 0.0000025902614866 -0.0000323100667101 0.0000000150913885 -0.0000009269229314
-0.0346018038010655 -0.1464057217452481 -0.0071040752939933 0.0554837418923894 -0.0009653696961721 0.0071315508195705 0.0000546149130049 0.0005642904807454 0.0000022518624682 0.0000295612980806 -0.0000000703987540 0.0000011952725092
-0.0328419814199362 -0.9850399099578843 0.0170104808088744 -0.1653206829371042 -0.0009624194647582 -0.0009231798981604 0.0000786109631046 0.0009663421873151 -0.0000085596203173 -0.0000566854384324 -0.0000003279354308 0.0000011813677308
-0.0280970759937415 0.4195538280881903 -0.0036271976562521 -0.1256237533882539 -0.0000698301946744 -0.0119492773045591 -0.0000308187002672 -0.0004715620566153 -0.0000028221784233 -0.0000000606800268 0.0000001289401184 0.0000007811850029
-0.0363013207753900 -0.5929682482105653 -0.0019736004938998 0.1371424807018348 0.0008565416058323 0.0051100623959979 -0.0000921794001073 -0.0004557090394306 -0.0000022593515939 -0.0000362695216031 -0.0000000959441234 -0.0000007382660707
-0.0190349898717996 0.8787058941951667 0.0032515344684490 -0.0135897005761795 0.0006119849853296 0.0157005876244822 0.0000409911709747 -0.0001370813560472 0.0000015062542663 -0.0000432615906873 0.0000001195719195 0.0000007626565887
-0.0337915757088065 -0.0487553758917134 -0.0071063154484786 0.0210651582543317 -0.0010536427471397 0.0025901810828317 0.0000689879005402 0.0002409350548338 0.0000035380280134 0.0000135031506393 -0.0000001545620738 0.0000005867314491
-0.0338557216295072 -0.9338767372259451 0.0128223625673713 -0.0731331001211583 0.0004383379599288 -0.0121360028707021 0.0001380770456358 0.0009882118061877 -0.0000043188426473 -0.0000038825984984 0.0000001446194934 -0.0000014882971170
-0.0266585075927480 0.5089394843740186 -0.0024667856794138 -0.1373577604505502 0.0002463525766925 -0.0095907603161943 -0.0000493276592780 -0.0000816934634746 -0.0000028035485381 0.0000230800645118 0.0000000584627936 0.0000012976891551
-0.0362797325809558 -0.5077002583197707 -0.0037862754981244 0.1382230440164891 0.0003920615680307 0.0095829836859807 -0.0000793486515605 -0.0000102681766522 -0.0000041245987855 -0.0000263900117899 0.0000000659487021 -0.0000013077891521
-0.0174431829489152 0.9372099350715505 0.0041799107944091 0.0576347958888839 0.0002660429115524 0.0136283135584526 0.0000540381085969 -0.0008455622259673 -0.0000009254196266 -0.0000099288824572 0.0000000892649042 0.0000016853361610
-0.0328446487190688 0.0492954981109434 -0.0068167052452693 -0.0146271904210127 -0.0010199912529013 -0.0023495971615635 0.0000669875385448 -0.0001516597835788 0.0000034462890200 -0.0000086455042359 -0.0000001510828365 -0.0000003974743239
-0.0346997774074686 -0.8757964366769012 0.0090048207386047 0.0013563625659532 0.0012221152488741 -0.0148213431963236 0.0000990386893298 0.0002779099876931 0.0000023277740952 0.0000360004768778 0.0000002498087626 -0.0000008680336466
-0.0251592627487910 0.5944825456646290 -0.0012501742314793 -0.1384565459700486 0.0005228558092212 -0.0051225715060006 -0.0000538333799444 0.0003621896797744 -0.0000015593855019 0.0000345404100145 -0.0000000462770052 0.0000008051363421
-0.0360842765499642 -0.4185479316498655 -0.0051902568218462 0.1283437171958492 -0.0000686322267533 0.0119876025279873 -0.0000477066309397 0.0004089178587013 -0.0000039898408162 -0.0000032523021595 0.0000001650320042 -0.0000008504018856
-0.0158720604362368 0.9888135522425988 0.0049507664376438 0.1464588883775730 -0.0002529872615919 0.0032480479632038 0.0000323367461055 -0.0009661787446230 -0.0000025820932586 0.0000470221352423 -0.0000000922336203 -0.0000007514523066
-0.0317722027449602 0.1469959062802474 -0.0062710204846179 -0.0494463580600605 -0.0008766070301413 -0.0069195397573542 0.0000503429157953 -0.0004979474871922 0.0000021122662009 -0.0000263129580257 -0.0000000674060813 -0.0000010791219289
-0.0353693273598504 -0.8111834150795018 0.0055798750553045 0.0587479587363329 0.0015299614771530 -0.0120982154211239 0.0000267355396298 -0.0004181879283668 0.0000051953328672 0.0000311101851016 0.0000000394348477 0.0000008127150131
-0.0236136854822621 0.6755468850721210 -0.0000189004919033 -0.1272535037212058 0.0007242506358879 0.0009037528788860 -0.0000424942411477 0.0006968154623166 0.0000003795557841 0.0000250120914364 -0.0000001114698516 -0.0000004165482417
-0.0357198675423788 -0.3261798970447660 -0.0062000131092825 0.1092938931322091 -0.0004734435332122 0.0121458217863384 -0.0000079250167746 0.0006718920480555 -0.0000022220198544 0.0000200225267438 0.0000001494555825 0.0000001986410653
-0.0143337793778796 1.0331896534675529 0.0055386808742830 0.2532754956499754 -0.0009397692547760 -0.0190959336620034 -0.0000435911048780 0.0007291713798345 0.0000009712813682 -0.0000078113331058 -0.0000000112450674 -0.0000006379469867
-0.0305863324144784 0.2435980251980349 -0.0055076815778677 -0.0812575106972490 -0.0006444917037017 -0.0103896357887194 0.0000236188198709 -0.0006940235975226 0.0000000986601978 -0.0000308801243600 0.0000000462240758 -0.0000009765315619
-0.0358612376944735 -0.7404814453433186 0.0025631314587512 0.0998859439107502 0.0014896444691902 -0.0065187854059541 -0.0000397408093548 -0.0007732257455839 0.0000039642482909 0.0000007930322921 -0.0000001673748448 0.0000012702008694
-0.0220361106156159 0.7515374347938382 0.0011868504975248 -0.1022538973701355 0.0008180906868303 0.0074854170941427 -0.0000173555981191 0.0007553093930516 0.0000020834061501 -0.0000038601730825 -0.0000000816989934 -0.0000013078840547
-0.0351929098023018 -0.2312944616300151 -0.0068353601828826 0.0829902961927093 -0.0007855822773807 0.0102167212193245 0.0000297385398996 0.0007121970584573 0.0000002726195554 0.0000321705893063 0.0000000428470480 0.0000010592771408
-0.0318161636019608 -1.0240337017356536 0.0209744720674494 -0.2612214398503915 -0.0028234051856696 0.0188758983969982 -0.0001319646551132 -0.0006992687778258 0.0000031648315216 0.0000077351400598 -0.0000000321355942 0.0000006141338907
-0.0292998989844321 0.3383641067900626 -0.0045670841407700 -0.1079674445942629 -0.0003515528927421 -0.0121489805182996 -0.0000067514014796 -0.0006742635920902 -0.0000018127240721 -0.0000195380157843 0.0000001248813536 -0.0000001288646209
-0.0361740736817993 -0.6641898279005681 -0.0000362474944383 0.1258449422581523 0.0012144154955930 -0.0000809163307646 -0.0000810559384867 -0.0007345971783713 0.0000006285378910 -0.0000272447136999 -0.0000001992057445 0.0000003458765837
-0.0204407068999698 0.8219055509604364 0.0023288739060712 -0.0621565131208285 0.0007767640998296 0.0131226857557690 0.0000150897833292 0.0004319345931666 0.0000025564273408 -0.0000353857023132 0.0000000304602747 -0.0000007734705719
-0.0345112042844980 -0.1346132086762586 -0.0071210114756624 0.0514501440824896 -0.0009827283274970 0.0066272161725792 0.0000572064101829 0.0005323752717609 0.0000024733076508 0.0000282527309328 -0.0000000842588667 0.0000011605240895
-0.0329737225112111 -0.9792168398697342 0.0164838715841908 -0.1531873986084476 -0.0007547337433755 -0.0028545490116092 0.0000940004925262 0.0010460801466160 -0.0000086147670161 -0.0000531721426226 -0.0000002735371671 0.0000007528330182
-0.0279263760277531 0.4305732815919994 -0.0034909122954809 -0.1275535935553723 -0.0000306005772022 -0.0117842779411267 -0.0000336700402601 -0.0004316887232606 -0.0000028902403922 0.0000029239664996 0.0000001241924737 0.0000008863316881
-0.0363080920212992 -0.5828589948647462 -0.0022154818359205 0.1379134717310180 0.0008021439584309 0.0057472960412270 -0.0000919471271657 -0.0004057951672531 -0.0000025838746935 -0.0000361379984319 -0.0000000764833364 -0.0000008585319176
-0.0188413252045416 0.8861539115412946 0.0033715336167932 -0.0058729302208563 0.0005791910600289 0.0157835841725593 0.0000438020590431 -0.0002277378027537 0.0000012597448449 -0.0000417853477158 0.0000001254255486 0.0000009791933908
-0.0336838415875372 -0.0368743598130510 -0.0070860665957071 0.0167630750582146 -0.0010559072257524 0.0019973065429724 0.0000696137506618 0.0001947715905450 0.0000036023503866 0.0000109383423750 -0.0000001591507135 0.0000004744716612
-0.0339672031637953 -0.9271966388833186 0.0123392964380280 -0.0631690488113185 0.0005633025676729 -0.0128483972135089 0.0001370113776153 0.0009214403268295 -0.0000034379103242 0.0000030908720677 0.0000001827307462 -0.0000015767784032
-0.0264796908175463 0.5195281917332415 -0.0023214447732532 -0.1380921691350122 0.0002827115771082 -0.0091543903088466 -0.0000506884864079 -0.0000278031000277 -0.0000027122334786 0.0000253428102052 0.0000000462266440 0.0000012946386762
-0.0362652143986900 -0.4970856000592590 -0.0039780251615128 0.1375748335807036 0.0003348229231161 0.0099917396446773 -0.0000763103965896 0.0000450427326041 -0.0000042147922109 -0.0000240462800290 0.0000000830770945 -0.0000013046610046
-0.0172513535244166 0.9438408988255737 0.0042823029684962 0.0674558302841664 0.0002123307071052 0.0128798911009541 0.0000536389880636 -0.0009099877784539 -0.0000012323013657 -0.0000030234831966 0.0000000726820809 0.0000015891140919
-0.0327210819319424 0.0611740314221988 -0.0067634461069149 -0.0189378144415758 -0.0010081100906746 -0.0029385599623625 0.0000656820652512 -0.0001983999830163 0.0000033428834108 -0.0000112339049183 -0.0000001445290752 -0.0000005093650852
-0.0347903257979139 -0.8683026380984997 0.0085683057934938 0.0092105728098240 0.0012821166355920 -0.0147232185767415 0.0000910486678877 0.0001829578559791 0.0000029206067442 0.0000376610665314 0.0000002345848597 -0.0000006573699326
-0.0249740633615897 0.6045613866845494 -0.0011008639162424 -0.1377850878203620 0.0005519547906419 -0.0044594128743618 -0.0000533013286979 0.0004120776876943 -0.0000013456130546 0.0000345984499350 -0.0000000577774769 0.0000006807104881
-0.0360489827429479 -0.4075071434762507 -0.0053333307296993 0.1264856038454846 -0.0001215600704733 0.0121261714349404 -0.0000431006517733 0.0004510920541791 -0.0000038478035398 -0.0000001728762308 0.0000001694349053 -0.0000007400778934
-0.0156835804553320 0.9945844234728852 0.0050322502939730 0.1584454867238342 -0.0003275349376428 0.0012551586431610 0.0000264107609452 -0.0008889691750949 -0.0000025443816453 0.0000508914986845 -0.0000001119837306 -0.0000011957272889
-0.0316342237637297 0.1587809859113245 -0.0061892812766115 -0.0535054660126495 -0.0008526938433953 -0.0074124261135933 0.0000475248467465 -0.0005314817977372 0.0000018898182455 -0.0000276868499361 -0.0000000539298337 -0.0000011133293962
-0.0354384723695122 -0.8029266266312224 0.0051921464145035 0.0645819290819769 0.0015412253590125 -0.0115290504751608 0.0000178200278581 -0.0004824913348737 0.0000052356511113 0.0000282025290312 0.0000000087457230 0.0000009557544982
-0.0234238450467638 0.6850414173434268 0.0001294224571667 -0.1249853538053551 0.0007419589074152 0.0016971633746652 -0.0000400952673910 0.0007216012666929 0.0000006195996658 0.0000223552288922 -0.0000001134734749 -0.0000005683040863
-0.0356644969076119 -0.3147961836823241 -0.0062965371657029 0.1064519931611346 -0.0005167986994044 0.0120168508274612 -0.0000030593246227 0.0006892228329541 -0.0000019374137421 0.0000222569164298 0.0000001402463535 0.0000003282867403
-0.0141500686577637 1.0380651530530047 0.0055964626583567 0.2674576821446661 -0.0010337680133172 -0.0228146957759186 -0.0000574091448431 0.0011440543281063 0.0000020673332988 -0.0000361983747305 0.0000000664601695 0.0000007896525490
-0.0304354626849373 0.2551995352997287 -0.0054022680812431 -0.0848085272049899 -0.0006116011880847 -0.0107044451885550 0.0000199908383060 -0.0007038753269568 -0.0000001546626598 -0.0000303296149913 0.0000000588342175 -0.0000009062776242
-0.0359087148470015 -0.7315193253358109 0.0022256428279464 0.1038179893189366 0.0014666950975669 -0.0057499437520045 -0.0000463054161854 -0.0007884992026509 0.0000036240641959 -0.0000032033912952 -0.0000001816831788 0.0000012158269424
-0.0218433588341743 0.7603785672456833 0.0013294366308416 -0.0982205844798660 0.0008207677428284 0.0082545312676684 -0.0000136332996196 0.0007373659189376 0.0000022237367803 -0.0000080301047078 -0.0000000712806665 -0.0000013328728376
-0.0351183357058308 -0.2196541960797949 -0.0068880793157959 0.0794043668058679 -0.0008159077419741 0.0098591445162293 0.0000337413478542 0.0007013778256404 0.0000005740100978 0.0000325677491900 0.0000000269206682 0.0000011182489969
-0.0319649945063732 -1.0189933970502973 0.0204126794473795 -0.2471576852744392 -0.0025273170611552 0.0154820166506604 -0.0000907761952851 -0.0003289445632749 -0.0000000771649070 -0.0000153058772352 -0.0000002010242197 0.0000015141385085
-0.0291377425117959 0.3496936181750106 -0.0044429951693533 -0.1107608269381360 -0.0003134423418772 -0.0122235522859695 -0.0000103385397905 -0.0006561519205700 -0.0000019999943257 -0.0000172327898495 0.0000001294802675 0.0000000008828522
-0.0361998243495468 -0.6545864785286074 -0.0003228212364846 0.1280202416962122 0.0011699509617709 0.0006820044814058 -0.0000839872613304 -0.0007071396769359 0.0000001940735785 -0.0000295145622354 -0.0000001906514556 0.0000001890715435
-0.0202467429029790 0.8300301635560357 0.0024612547254689 -0.0562143880174020 0.0007614744058044 0.0136500916654776 0.0000190357212026 0.0003666532315908 0.0000024952442868 -0.0000380863969086 0.0000000456384654 -0.0000005990140697
-0.0344184624204587 -0.1228051387098887 -0.0071332307734341 0.0473702389527605 -0.0009982503582726 0.0061074507026611 0.0000595721213231 0.0004980917523052 0.0000026784175035 0.0000267398249643 -0.0000000973056972 0.0000011135260114
-0.0331030499558458 -0.9732878134111692 0.0159623557840872 -0.1413192328775194 -0.0005580690805935 -0.0046140817456837 0.0001067487511924 0.0010992501085311 -0.0000084420553993 -0.0000482087178632 -0.0000002127955138 0.0000003223405422
-0.0277546003370363 0.4415448663223585 -0.0033532557517121 -0.1293502965036813 0.0000085176716230 -0.0115855709455956 -0.0000363734941887 -0.0003893644456381 -0.0000029392347073 0.0000059107467125 0.0000001182462416 0.0000009821039140
-0.0363122612133610 -0.5726843934061110 -0.0024512312141654 0.1385018872246985 0.0007469565423601 0.0063607087427450 -0.0000913189629614 -0.0003540929386813 -0.0000028838252731 -0.0000356842543536 -0.0000000564850215 -0.0000009665821830
-0.0186477995748787 0.8935054149630745 0.0034895898333107 0.0020946718092921 0.0005438975825953 0.0157854776721486 0.0000463392925852 -0.0003192191698559 0.0000009934745247 -0.0000395902865844 0.0000001289583519 0.0000011800938985
-0.0335741160869368 -0.0249887904071768 -0.0070615854781293 0.0124460733995694 -0.0010563810056613 0.0013998943616345 0.0000699952744124 0.0001477748054808 0.0000036456204703 0.0000082995558992 -0.0000001623585271 0.0000003575920783
-0.0340761786915572 -0.9204154311439011 0.0118617290528789 -0.0534645658248651 0.0006794739533733 -0.0134421414915566 0.0001346768031424 0.0008463292086053 -0.0000025519686310 0.0000096119499194 0.0000002136095783 -0.0000016097955750
-0.0263000075246677 0.5300592124694189 -0.0021753535189155 -0.1386669808847888 0.0003184213010046 -0.0086871785225651 -0.0000518337990556 0.0000266692781949 -0.0000026027861740 0.0000274063689313 0.0000000335826875 0.0000012754737381
-0.0362481462987851 -0.4864149709388081 -0.0041637821895312 0.1367684252789993 0.0002777641502144 0.0103690067217769 -0.0000730118210704 0.0000996392038653 -0.0000042745357969 -0.0000215246337290 0.0000000990418510 -0.0000012856604313
-0.0170598512629195 0.9503697286346658 0.0043823264479262 0.0775367595304709 0.0001560630516522 0.0120039700595828 0.0000526967902612 -0.0009647757212379 -0.0000015247487118 0.0000042495858408 0.0000000536125161 0.0000014329293078
-0.0325956900056158 0.0730460714527301 -0.0067064865583948 -0.0232317626406224 -0.0009946367107160 -0.0035206738608225 0.0000641641420173 -0.0002442383969883 0.0000032214234558 -0.0000137350990244 -0.0000001368056364 -0.0000006153520557
-0.0348783002695941 -0.8607134928236897 0.0081376020195561 0.0168144948433319 0.0013353773600022 -0.0145512727702274 0.0000826883591102 0.0000895581903783 0.0000034478561312 0.0000386260900691 0.0000002151533558 -0.0000004381714448
-0.0247882085929532 0.6145732528353702 -0.0009514126760665 -0.1369297960195619 0.0005798851823952 -0.0037742175749392 -0.0000525319049069 0.0004600499102816 -0.0000011225623825 0.0000343258607139 -0.0000000685381830 0.0000005458846698
-0.0360112140736908 -0.3964202774301054 -0.0054706349871309 0.1244958719186132 -0.0001735707670106 0.0122313624078497 -0.0000383951925198 0.0004907166984551 -0.0000036824871930 0.0000028818264275 0.0000001720411322 -0.0000006220376795
-0.0154956050789722 1.0002484639235421 0.0051109988435112 0.1706973047871602 -0.0004045414171566 -0.0009199837660760 0.0000196518034040 -0.0007831229147257 -0.0000024228447422 0.0000529781949043 -0.0000001275590297 -0.0000016099769320
-0.0314945990797418 0.1705485846542729 -0.0061044112417900 -0.0575165349454812 -0.0008275132846925 -0.0078877853206413 0.0000445668267137 -0.0005626034591099 0.0000016584412901 -0.0000288499507717 -0.0000000401121370 -0.0000011348977855
-0.0355050004118824 -0.7945811211051728 0.0048104468645970 0.0701784594183797 0.0015476029961306 -0.0109225589992936 0.0000090611687407 -0.0005412039270781 0.0000052160770581 0.0000249698570487 -0.0000000211739932 0.0000010759943105
-0.0232335599440846 0.6944603004123463 0.0002772979667345 -0.1225117026608238 0.0007580266617865 0.0024970721681404 -0.0000374959625440 0.0007419880925220 0.0000008543817944 0.0000194121009993 -0.0000001139409254 -0.0000007129255776
-0.0356067482231742 -0.3033767108207267 -0.0063875924854698 0.1035068806275373 -0.0005587235478479 0.0118574583266224 0.0000017557904792 0.0007031470516718 -0.0000016439080342 0.0000243046020312 0.0000001297486344 0.0000004534721026
-0.0139670276056001 1.0428300864883790 0.0056512069165372 0.2819065620202850 -0.0011299652060466 -0.0267786260560293 -0.0000723353801374 0.0016179982527406 0.0000033556999318 -0.0000720929419044 0.0000001691628404 0.0000028461313963
-0.0302831376939112 0.2667727373538323 -0.0052943211799101 -0.0882808062607863 -0.0005778662625016 -0.0109929451864617 0.0000163211405865 -0.0007104169109246 -0.0000004049543569 -0.0000295380451665 0.0000000707922038 -0.0000008250503872
-0.0359535569816391 -0.7224759272960153 0.0018943064290063 0.1075288051978359 0.0014404982470487 -0.0049721429603631 -0.0000524652559212 -0.0007979099307794 0.0000032572412410 -0.0000071082416610 -0.0000001930973513 0.0000011412043175
-0.0216503703774118 0.7691360682018288 0.0014710171975258 -0.0939629864596828 0.0008214067634092 0.0090072171085648 -0.0000098142184709 0.0007135481710530 0.0000023438598209 -0.0000122094587840 -0.0000000596464235 -0.0000013339661554
-0.0350415007390067 -0.2079888201387803 -0.0069357018215385 0.0757450602509209 -0.0008445009610667 0.0094779163473431 0.0000375788384376 0.0006873204483100 0.0000008690582942 0.0000327180959714 0.0000000108416097 0.0000011648048961
-0.0321115125634449 -1.0138436642234638 0.0198555496989493 -0.2333607549828252 -0.0022443303423220 0.0123134815023874 -0.0000539127152134 -0.0000103460004572 -0.0000026834640935 -0.0000325298200732 -0.0000003129077821 0.0000020201300832
-0.0289743299441028 0.3609842546311456 -0.0043169879277328 -0.1134458636871494 -0.0002749788213252 -0.0122660783455727 -0.0000138615740440 -0.0006347349478824 -0.0000021735245282 -0.0000147721181720 0.0000001328160261 0.0000001319210226
-0.0362229468003450 -0.6449100339801537 -0.0006032133287743 0.1299936370875222 0.0011236500064157 0.0014332620724397 -0.0000864622151878 -0.0006756261048644 -0.0000002340979038 -0.0000314692818617 -0.0000001799114605 0.0000000307785593
