0.8419294471744369 -0.0305550664461449 -0.3324221933063801 -0.0004566726647180 -0.0320423996904984 -0.0005160205920891 -0.0035663299844816 0.0000142292733317 -0.0000307881202781 0.0000009770707706 -0.0000079984222546 -0.0000000389069614
0.9792724908082161 0.0111358038944408 0.1042217220560650 -0.0021325472754065 -0.0245182788426836 -0.0001275818602448 0.0032013182587236 0.0000039786943944 0.0001201769522889 0.0000005726587381 0.0000011815981343 0.0000000146943803
1.0120935006321305 -0.0127917386970800 0.1994902931636824 0.0032854728478763 -0.0013935182850514 0.0003442443711046 0.0021281315643171 0.0000079622019086 0.0001621297901293 -0.0000002513050759 -0.0000054139531934 -0.0000000263260355
0.7813509202552736 0.0138018168262671 -0.4986291868624885 0.0012384077997148 0.0082175078863857 0.0000989636075624 -0.0035882439128150 -0.0000106236688735 0.0002227688223900 0.0000004206705289 0.0000034989475065 -0.0000000004084764
1.0525762863223453 0.0029326140378796 0.3341709813207706 -0.0008110469017265 0.0396890640286533 -0.0001434977056665 -0.0026066271014584 -0.0000083997575074 -0.0001224167518961 -0.0000004926216138 0.0000041040395442 -0.0000000210369688
0.8785391068371520 -0.0276488738104454 -0.2207590082752796 0.0013597694713114 -0.0454333362330552 -0.0004460265620434 -0.0014491911527604 -0.0000080632733743 -0.0001626553496494 0.0000011107595421 -0.0000031394529654 0.0000000164186201
0.9531436029684849 0.0121420256895469 0.0226836476245800 -0.0018913152107260 -0.0381720969844721 -0.0000125094529172 0.0029108756546593 0.0000092279336804 0.0000070757910625 0.0000004770402942 0.0000059344265567 -0.0000000035309996
1.0288646730169331 -0.0098173818068141 0.2538376093258790 0.0027584917610090 0.0138813789246233 0.0003539611055161 0.0006910522167405 0.0000151604784740 0.0001102749019058 0.0000003881435488 -0.0000060632551411 0.0000000004365421
0.7387929063595169 0.0135370362005609 -0.6230477065529890 0.0020651422382471 0.0599443278255736 -0.0001710997475798 0.0017798604477566 0.0000005481685418 0.0000697792695892 0.0000003294820821 0.0000087482591544 -0.0000000157836531
1.0452787948199447 0.0050392233660008 0.3115466708361683 -0.0013891991640161 0.0317341768626447 -0.0002274259363830 -0.0015046831917367 -0.0000125630431643 -0.0000308413703689 -0.0000006430146142 -0.0000008983154774 -0.0000000201069669
0.9123069788188736 -0.0246541898690339 -0.1164149955414252 0.0025973871695010 -0.0477464494972376 -0.0002656068844540 0.0008477649729081 -0.0000206864601725 -0.0001547953827317 0.0000002680863659 0.0000041580348268 0.0000000399948735
0.9236221922365286 0.0129140612441133 -0.0688227532470738 -0.0014826851517515 -0.0473862329872489 0.0001076505214308 0.0016153618753576 0.0000105509581910 -0.0001209078926197 0.0000000656132369 0.0000059800068413 -0.0000000163609298
1.0416795720575343 -0.0069341330471279 0.2957525187984477 0.0020829705498985 0.0269917297304740 0.0003024410269428 -0.0008590505794530 0.0000168472290906 0.0000142014443578 0.0000007635822243 -0.0000028224152453 0.0000000233591194
0.7231713445535045 -0.0381414436300207 -0.6835478157071525 -0.0095194323495711 0.0951642180485884 0.0009890656791966 0.0066356196909228 -0.0000530802235250 -0.0003517518862948 0.0000025927718972 -0.0000147073616722 -0.0000000993599925
1.0339015466549488 0.0069356009540120 0.2758578640676655 -0.0018263816418086 0.0199294998793914 -0.0002689062418452 -0.0000289504830166 -0.0000126101666159 0.0000744075606850 -0.0000004655186267 -0.0000053781454622 -0.0000000047582080
0.9429849509166219 -0.0216030653282413 -0.0205138555528607 0.0033286121573689 -0.0417860855929074 -0.0000526418203606 0.0025323860455713 -0.0000214614652357 -0.0000527567119041 -0.0000006391681072 0.0000068624376999 0.0000000171561237
0.8909265715462504 0.0134558191741126 -0.1693153386583584 -0.0009257735075177 -0.0496259858737248 0.0002068120815370 -0.0004966962646186 0.0000069603284022 -0.0001914475241330 -0.0000004171805886 0.0000000209324999 -0.0000000113576605
1.0504420399215373 -0.0041680938448719 0.3247824821281570 0.0013241219853671 0.0367129706873536 0.0002054151877869 -0.0021693983747639 0.0000132855016839 -0.0000868329780189 0.0000007371799787 0.0000022174567886 0.0000000277879000
0.7664116875236270 -0.0356650770564282 -0.5577483785980926 -0.0056713553897871 0.0333544623880062 0.0000434552598563 -0.0018009084100847 0.0000274482243098 0.0002506397929534 -0.0000019655641702 0.0000106757093347 0.0000000534693930
1.0185298488913734 0.0086109214442851 0.2274862325771425 -0.0021002488110193 0.0053216218843732 -0.0002620262053947 0.0014954561218485 -0.0000087053058254 0.0001524951752735 -0.0000000575220112 -0.0000066410152382 0.0000000133955796
0.9703464562705432 -0.0185274104111696 0.0659115464826535 0.0036280238827939 -0.0301859901822052 0.0001394523696392 0.0032563652100930 -0.0000134699022552 0.0000693235133154 -0.0000010241952696 0.0000038801499753 -0.0000000191385159
0.8552973734296534 0.0137740090223397 -0.2777151629128325 -0.0002469777668125 -0.0421630843645577 0.0002552048621425 -0.0028435609208069 -0.0000005690764856 -0.0001366144430418 -0.0000005956626295 -0.0000076018885872 0.0000000079048655
1.0550862114784532 -0.0015432607205793 0.3406134480558846 0.0005416978670177 0.0421924757176596 0.0000828076613683 -0.0029638363756417 0.0000061450256519 -0.0001547578686742 0.0000003706265057 0.0000061167306504 0.0000000132696454
0.8076237731339773 -0.0330106630886142 -0.4356386856374519 -0.0025853350158246 -0.0088150354689023 -0.0004034978945839 -0.0042212928264935 0.0000325252420795 0.0001620234834697 -0.0000003661278033 -0.0000029303168582 -0.0000000460450289
0.9992787769792114 0.0100574025190881 0.1669498265190527 -0.0021972576759788 -0.0106808123686441 -0.0002078444160651 0.0026961086369488 -0.0000021843666301 0.0001687715855636 0.0000003689407032 -0.0000036838230625 0.0000000209769398
0.9941885235044075 -0.0154586180559560 0.1419302416853896 0.0035708962489781 -0.0153631356375078 0.0002783068025009 0.0030013833148614 -0.0000017068779201 0.0001500433055001 -0.0000007848729923 -0.0000016673222576 -0.0000000357427176
0.8169953775748506 0.0138779836298111 -0.3928580106864422 0.0005207695945309 -0.0221237755395972 0.0002213084528618 -0.0043333050157036 -0.0000084619916245 0.0000518094034216 -0.0000002060240458 -0.0000074925316046 0.0000000170864113
1.0555771166841625 0.0009187225540918 0.3430732347742000 -0.0002109548958510 0.0429640021299547 -0.0000441718860854 -0.0030821876180370 -0.0000021455202909 -0.0001648824734293 -0.0000001322563963 0.0000066816644559 -0.0000000083339516
0.8465105246995632 -0.0302085072731494 -0.3185340268750067 -0.0002032814006414 -0.0343527210050886 -0.0005166628434158 -0.0033585107316804 0.0000112930714031 -0.0000538519673851 0.0000010724785488 -0.0000078760778936 -0.0000000332510059
0.9762921260885423 0.0112703310255129 0.0948975257000003 -0.0021126691973462 -0.0263310556499919 -0.0001146531347500 0.0032185917917075 0.0000047588754657 0.0001091582468613 0.0000005808464004 0.0000018806434977 0.0000000122352742
1.0143336180703275 -0.0124271990832561 0.2067231366427778 0.0032317828436446 0.0005242550894266 0.0003490498681177 0.0019725397144345 0.0000090941828647 0.0001592670282663 -0.0000001690113632 -0.0000057210577599 -0.0000000235215976
0.7762991638549643 0.0137795495931653 -0.5135068316329907 0.0013388677986616 0.0134598845258252 0.0000741043712709 -0.0032439873818117 -0.0000102253953249 0.0002341024667683 0.0000004900317394 0.0000054037970533 -0.0000000041726447
1.0519110009706272 0.0031987791448259 0.3321333887296856 -0.0008876956058110 0.0389555811951144 -0.0001555820963646 -0.0025016800049509 -0.0000090994386579 -0.0001132866736851 -0.0000005278349312 0.0000035711340564 -0.0000000218760937
0.8827895368651250 -0.0272898833968128 -0.2076955922245380 0.0015392342389986 -0.0462467140146541 -0.0004282383044534 -0.0011597402969906 -0.0000102239016544 -0.0001688240516248 0.0000010419592871 -0.0000021938699088 0.0000000219737391
0.9497411022329871 0.0122480491300671 0.0121020893735653 -0.0018503823079034 -0.0395740991464072 0.0000022631233634 0.0028066616863616 0.0000096313344025 -0.0000089292051021 0.0000004410695299 0.0000062561419875 -0.0000000056893955
1.0306312563767226 -0.0094624337928606 0.2595918007781997 0.0026831622824285 0.0156139023487191 0.0003507197534672 0.0005016751283881 0.0000156694266164 0.0001002669762177 0.0000004523926536 -0.0000058525257159 0.0000000037695398
0.7335026141812456 0.0134927487424419 -0.6383649389878024 0.0021640192468560 0.0675962586228371 -0.0002144206312817 0.0028959157458724 0.0000033767885008 -0.0000052457873956 0.0000001511680539 0.0000056484782987 -0.0000000113104866
1.0441153604116242 0.0052805773772475 0.3079095003991826 -0.0014502378854928 0.0304907438535153 -0.0002348957746650 -0.0013399468591044 -0.0000127964489468 -0.0000180178573639 -0.0000006384360291 -0.0000015306249085 -0.0000000188324197
0.9161956062595422 -0.0242866486629850 -0.1043170100904087 0.0027115434613763 -0.0474103331797069 -0.0002402422359845 0.0010952446266021 -0.0000213836841132 -0.0001460183635626 0.0000001453434919 0.0000048074840981 0.0000000392690798
0.9198227662985795 0.0129919012164642 -0.0805481187551436 -0.0014226054569408 -0.0480819866029232 0.0001213564126598 0.0013953492894617 0.0000103792961620 -0.0001340773917950 0.0000000039903179 0.0000055515785403 -0.0000000168615981
1.0429593765282528 -0.0065920441965532 0.2999659651706809 0.0019941640309405 0.0283713636588743 0.0002927323480266 -0.0010370889879411 0.0000166725957934 0.0000013922309936 0.0000007823265583 -0.0000022500673114 0.0000000250186488
0.7285115104573068 -0.0378516811596731 -0.6681446185480320 -0.0090105485626676 0.0865245440559613 0.0008415360351925 0.0051801403071481 -0.0000369324266522 -0.0002116420558819 0.0000012926264116 -0.0000057723066733 -0.0000000271014452
1.0322486913012388 0.0071506711699790 0.2706599734782851 -0.0018686364874709 0.0182830643880050 -0.0002706943724876 0.0001604728658971 -0.0000123309003494 0.0000861282121674 -0.0000004248946671 -0.0000057440039722 -0.0000000024462583
0.9464831170818675 -0.0212308571065415 -0.0095115907652266 0.0033864165383302 -0.0406298258922264 -0.0000274137481571 0.0026743434996582 -0.0000208673360213 -0.0000375707911577 -0.0000007200513120 0.0000067684242537 0.0000000126608650
0.8867582465558562 0.0135061427459087 -0.1820586392897097 -0.0008493731660581 -0.0492941107479083 0.0002160030674638 -0.0007852114358790 0.0000062124479010 -0.0001924818327748 -0.0000004626491360 -0.0000009693272410 -0.0000000094410191
1.0512254519276418 -0.0038418907892586 0.3274096501810606 0.0012293935264404 0.0376161843054184 0.0001914922202531 -0.0022975891963722 0.0000125663911753 -0.0000974885289681 0.0000007077781765 0.0000028074356675 0.0000000268826828
0.7715222047335870 -0.0353521557046456 -0.5427209801498650 -0.0052577104995970 0.0272555157875958 -0.0000336955542013 -0.0023524404757201 0.0000308406335767 0.0002614052367746 -0.0000019036540874 0.0000094445743279 0.0000000392456511
1.0163999566517974 0.0087986013622979 0.2207832609704439 -0.0021216073503538 0.0034240973845883 -0.0002578796371980 0.0016657817657487 -0.0000080166364547 0.0001582875750131 -0.0000000019082834 -0.0000065010011958 0.0000000151301041
0.9734282578848932 -0.0181543761129935 0.0756995853938399 0.0036385939674890 -0.0285150386985223 0.0001595681918292 0.0032752019498260 -0.0000121415475497 0.0000822397810231 -0.0000010259193993 0.0000032594368701 -0.0000000226433370
0.8507907375295177 0.0137978127846744 -0.2913395551168414 -0.0001579174901988 -0.0404619306225531 0.0002561106086494 -0.0030977450577914 -0.0000016082206286 -0.0001199146117507 -0.0000005803688920 -0.0000082056129006 0.0000000101347443
1.0553673365565732 -0.0012356974075013 0.3416258543075684 0.0004478736133364 0.0425419416964197 0.0000672277106085 -0.0030159851297063 0.0000051494810543 -0.0001593538189079 0.0000003119945738 0.0000063896426871 0.0000000106832047
0.8124679308312939 -0.0326781927314271 -0.4211489665207279 -0.0022602708541464 -0.0127372167364927 -0.0004320698884081 -0.0042459326322592 0.0000306523067315 0.0001356089445070 -0.0000001260098799 -0.0000042713181335 -0.0000000504740978
0.9966877749613644 0.0102169571412651 0.1588135985636581 -0.0021966781341200 -0.0126351251849005 -0.0001983832817789 0.0028019447440366 -0.0000013155908963 0.0001655651238560 0.0000004101497908 -0.0000030877783457 0.0000000207993857
0.9968310474536053 -0.0150885108231801 0.1503986041367242 0.0035433366879210 -0.0134537199809367 0.0002906467649117 0.0029120906965832 -0.0000002643738864 0.0001551994882995 -0.0000007231209687 -0.0000023091184565 -0.0000000356660753
0.8121833052072930 0.0138765723627930 -0.4072171416969074 0.0006180934773545 -0.0186974853290790 0.0002100938635438 -0.0043803508081122 -0.0000091624518748 0.0000793332543454 -0.0000001237585435 -0.0000065391075004 0.0000000161626891
1.0553538334388708 0.0012051926718590 0.3424597525239231 -0.0002978827346400 0.0427299054971302 -0.0000588768930091 -0.0030479808579977 -0.0000031055070370 -0.0001617522437622 -0.0000001904626286 0.0000064842444021 -0.0000000106783530
0.8510532517262038 -0.0298602354963529 -0.3047380458463262 0.0000407037280743 -0.0364625918820211 -0.0005143785329949 -0.0031318602082388 0.0000083709795281 -0.0000752085757705 0.0000011441738768 -0.0000075874141994 -0.0000000265852525
0.9732593393875808 0.0114013972999913 0.0854152822379978 -0.0020901691755471 -0.0281087805749708 -0.0001013680560759 0.0032219017864262 0.0000055081036097 0.0000972367812444 0.0000005836154032 0.0000025625866620 0.0000000103066540
1.0165171495410070 -0.0120636410595184 0.2137805575742153 0.0031750174679066 0.0024299062966323 0.0003528275953879 0.0018104021054583 0.0000101616474625 0.0001553704020092 -0.0000000867359870 -0.0000059670852490 -0.0000000205902689
0.7712165204655248 0.0137545112543244 -0.5284464017411186 0.0014394358708724 0.0189749752605628 0.0000471610900828 -0.0028265409447033 -0.0000096036990766 0.0002397729927993 0.0000005462261406 0.0000072178735105 -0.0000000078915215
1.0511849805656361 0.0034620266733462 0.3299003687681551 -0.0009626556770889 0.0381561241772774 -0.0001671884747624 -0.0023880361320022 -0.0000097499838756 -0.0001034935519787 -0.0000005586809393 0.0000030074037488 -0.0000000224304895
0.8869977154344977 -0.0269296490980775 -0.1947419214761980 0.0017103137081333 -0.0469025258149244 -0.0004090194729557 -0.0008701238515933 -0.0000122212883148 -0.0001728658914486 0.0000009602216413 -0.0000012341805934 0.0000000268809563
0.9462890781649668 0.0123506315846138 0.0013755530744546 -0.0018070074916028 -0.0409067833659149 0.0000170738918058 0.0026874035250392 0.0000099725815327 -0.0000250682613083 0.0000004004494876 0.0000064993425514 -0.0000000077121893
1.0323394583031502 -0.0091088752059916 0.2651621802102908 0.0026057749486587 0.0173117180681905 0.0003465931337440 0.0003113363188926 0.0000160942328204 0.0000896589473824 0.0000005121157445 -0.0000055842368735 0.0000000071116112
0.7281859442537125 0.0134459261585446 -0.6537243467539283 0.0022623130853352 0.0755649684056648 -0.0002601570941402 0.0041340802472335 0.0000065945110126 -0.0000983791545624 -0.0000000841498599 0.0000009565219734 -0.0000000040412344
1.0428920513993305 0.0055188160511609 0.3040807040648677 -0.0015091474388753 0.0291918396778727 -0.0002417183003629 -0.0011701194276390 -0.0000129671546546 -0.0000050559726083 -0.0000006288962557 -0.0000021495079193 -0.0000000173619663
0.9200383693923039 -0.0239183351798875 -0.0923451482691419 0.0028183858405392 -0.0469576640307928 -0.0002145416621089 0.0013322719353062 -0.0000219037272977 -0.0001359604102628 0.0000000235915970 0.0000053749370790 0.0000000378558880
0.9159770696881826 0.0130663629056948 -0.0924038324469668 -0.0013603790854838 -0.0486707312622991 0.0001347072222052 0.0011635394618961 0.0000101328898833 -0.0001462586252096 -0.0000000582268005 0.0000050300243800 -0.0000000170250457
1.0441794385469823 -0.0062517252146970 0.3039891856327075 0.0019042505362247 0.0296989147981825 0.0002823833544345 -0.0012109352376661 0.0000164212206033 -0.0000114131828189 0.0000007948753347 -0.0000016555165929 0.0000000263725911
0.7338258368817987 -0.0375589243671024 -0.6527782057985655 -0.0085135338070306 0.0782121086022631 0.0007038416727058 0.0038580510827361 -0.0000228681548496 -0.0000943799895857 0.0000002652829338 0.0000009018807173 0.0000000225138205
1.0305372699418744 0.0073624722410351 0.2652763187880006 -0.0019084491407436 0.0165972242570949 -0.0002717593966180 0.0003500192455730 -0.0000119936335153 0.0000973691445107 -0.0000003810565570 -0.0000060566941118 -0.0000000000664547
0.9499321268106944 -0.0208583454628514 0.0013495288811470 0.0034380073289957 -0.0393954292998345 -0.0000025904876769 0.0028015414436769 -0.0000201508046397 -0.0000222407591678 -0.0000007920892540 0.0000065892315400 0.0000000080686744
0.8825472281267411 0.0135531916934105 -0.1949162539369565 -0.0007712273381233 -0.0488147687283135 0.0002243942646165 -0.0010762991552495 0.0000054075982146 -0.0001915137789612 -0.0000005028345094 -0.0000019770329311 -0.0000000073218210
1.0519482073449355 -0.0035178066006678 0.3298422229978157 0.0011344267569469 0.0384554454597221 0.0001772297345052 -0.0024176647555631 0.0000117978000836 -0.0001075815887251 0.0000006734857966 0.0000033745306236 0.0000000256690498
0.7766023552044488 -0.0350366688205741 -0.5277502451190810 -0.0048551779263870 0.0214399353506877 -0.0001038789716737 -0.0028221574024538 0.0000332717063422 0.0002639659367913 -0.0000017796240612 0.0000079041238219 0.0000000242227579
1.0142132432202131 0.0089829031823574 0.2139023846131040 -0.0021403403966990 0.0015085260076436 -0.0002530381139536 0.0018306513369196 -0.0000072918779532 0.0001630989339000 0.0000000535588222 -0.0000062962553343 0.0000000166423537
0.9764579614568324 -0.0177814989686184 0.0853329753581854 0.0036440583841365 -0.0268010966006826 0.0001788417252862 0.0032796166789495 -0.0000107675731666 0.0000944259663753 -0.0000010182951076 0.0000026079439520 -0.0000000258151905
0.8462452777115869 0.0138184841585043 -0.3050609942611430 -0.0000676076606698 -0.0385707990237917 0.0002557495435806 -0.0033375688871826 -0.0000026470622625 -0.0001011647161492 -0.0000005559513936 -0.0000086735038789 0.0000000122139418
1.0555873461533007 -0.0009305669281651 0.3424413876144939 0.0003545838551065 0.0428212919582256 0.0000516226520363 -0.0030578744380680 0.0000041416621155 -0.0001630490019085 0.0000002517637754 0.0000066088027707 0.0000000080701793
0.8172773761373635 -0.0323436047689585 -0.4067351748391460 -0.0019454510966975 -0.0164203260011892 -0.0004560353819561 -0.0042272978284735 0.0000284810065828 0.0001083180271596 0.0000001015044575 -0.0000054159347410 -0.0000000529050480
0.9940421168809253 0.0103730698791334 0.1505092385753492 -0.0021934192392622 -0.0145811991491074 -0.0001883622375864 0.0028971244608808 -0.0000004447216241 0.0001612068914747 0.0000004477166265 -0.0000024561309107 0.0000000203304335
0.9994189089726608 -0.0147190076987508 0.1587004763088999 0.0035117662505104 -0.0115325807256849 0.0003019577836642 0.0028118043839727 0.0000011547998108 0.0001592445971648 -0.0000006563581650 -0.0000029203359984 -0.0000000351586096
0.8073365359166519 0.0138722066763921 -0.4216550040707873 0.0007160891940385 -0.0150374130416617 0.0001971568079720 -0.0043866282531784 -0.0000097617074689 0.0001066343452814 -0.0000000369753313 -0.0000053699971542 0.0000000147384451
1.0550694352699852 0.0014889541092919 0.3416492358429766 -0.0003836106563462 0.0424253405956967 -0.0000733158984989 -0.0030034323068347 -0.0000040410286069 -0.0001577032468211 -0.0000002465982801 0.0000062317805735 -0.0000000128537973
0.8555571411149436 -0.0295103075982477 -0.2910364359186576 0.0002754030707592 -0.0383772858811644 -0.0005093718872734 -0.0028891289180350 0.0000054910209193 -0.0000946951763465 0.0000011927273360 -0.0000071491021711 -0.0000000195244357
0.9701744623632046 0.0115290027953843 0.0757764881513913 -0.0020650626411095 -0.0298475021797804 -0.0000877605507060 0.0032109390496265 0.0000062220193258 0.0000844791918937 0.0000005808876907 0.0000032192327172 0.0000000082181931
1.0186438547346972 -0.0117011153849587 0.2206614364186447 0.0031153030690748 0.0043204315966476 0.0003555877315840 0.0016423862021519 0.0000111606511008 0.0001504761846191 -0.0000000051421230 -0.0000061502959085 -0.0000000174646830
0.7661035276274512 0.0137267289341417 -0.5434455345285039 0.0015400307427000 0.0247681505871646 0.0000180883166895 -0.0023306852149390 -0.0000087396709968 0.0002386788083336 0.0000005854464020 0.0000088435366851 -0.0000000113972595
1.0503983052526604 0.0037223303507318 0.3274722709977460 -0.0010358670477532 0.0372916631428484 -0.0001782918612779 -0.0022660410556114 -0.0000103488408827 -0.0000930900249688 -0.0000005849671392 0.0000024176217989 -0.0000000226982203
0.8911631885124592 -0.0265682280497842 -0.1819000482465933 0.0018731355088072 -0.0474058585328777 -0.0003885232523613 -0.0005820227916861 -0.0000140480647129 -0.0001748398918539 0.0000008673549631 -0.0000002768613065 0.0000000310517282
0.9427879068074876 0.0124497784059260 -0.0094942677659430 -0.0017612205834194 -0.0421657500098850 0.0000318787578719 0.0025532324164416 0.0000102489105524 -0.0000412181256772 0.0000003555085074 0.0000066586883482 -0.0000000096320145
1.0339890903624391 -0.0087567537138501 0.2705478632076775 0.0025264489183875 0.0189724352887140 0.0003416064495529 0.0001207017551378 0.0000164344581410 0.0000785193846298 0.0000005669486296 -0.0000052613369137 0.0000000102406640
0.7228434540242356 0.0133965988640095 -0.6691234996477261 0.0023599370981557 0.0838557446490965 -0.0003083416955648 0.0055012289999945 0.0000102223536081 -0.0002117252381689 -0.0000003838794710 -0.0000056492131494 0.0000000065450926
1.0416090027609624 0.0057539183757883 0.3000608837938392 -0.0015658830141008 0.0278391203781363 -0.0002478790657067 -0.0009957432621529 -0.0000130747387868 0.0000079704566195 -0.0000006144867433 -0.0000027493979408 -0.0000000157555939
0.9238348513834848 -0.0235493065204247 -0.0805013068642341 0.0029180465942140 -0.0463932517677165 -0.0001886128362988 0.0015580225437244 -0.0000222506740575 -0.0001247584163436 -0.0000000958158589 0.0000058553736072 0.0000000358454938
0.9120855194264926 0.0131374567402098 -0.1043880219119045 -0.0012960492381224 -0.0491476956238479 0.0001476512427826 0.0009206984690453 0.0000098120616267 -0.0001573098956021 -0.0000001203703096 0.0000044191865371 -0.0000000169051848
1.0453396232763026 -0.0059132201639914 0.3078215404029626 0.0018133400502761 0.0309726459392840 0.0002714284248080 -0.0013800348039717 0.0000160955318996 -0.0000241406213616 0.0000008012385919 -0.0000010442357136 0.0000000274605194
0.7391137666114658 -0.0372632240354765 -0.6374510132805054 -0.0080283029244132 0.0702216429018346 0.0005756070795342 0.0026623509251754 -0.0000107216754083 0.0000023087926800 -0.0000005253752466 0.0000056733120378 0.0000000540431828
1.0287674711561925 0.0075709885569107 0.2597077479126443 -0.0019457904508646 0.0148742933792055 -0.0002720990613937 0.0005390272532400 -0.0000116001708964 0.0001080589157683 -0.0000003343481088 -0.0000063129195223 0.0000000022817892
0.9533316042374322 -0.0204855867854387 0.0120677823365937 0.0034835188655374 -0.0380873437827516 0.0000217598011110 0.0029138055199003 -0.0000193207475450 -0.0000068938181147 -0.0000008548594546 0.0000063294195463 0.0000000033891663
0.8782939704894370 0.0135969812583420 -0.2078861513078409 -0.0006913913448849 -0.0481829005319020 0.0002319296095763 -0.0013683521567195 0.0000045504798546 -0.0001884641746695 -0.0000005370533527 -0.0000029864090458 -0.0000000050475453
1.0526102261651724 -0.0031958812759459 0.3320798123151004 0.0010393207259884 0.0392296999686899 0.0001626659116034 -0.0025292621848423 0.0000109839201460 -0.0001170566076455 0.0000006346300865 0.0000039138152162 0.0000000242650620
0.7816516016203083 -0.0347186698000619 -0.5128385459361587 -0.0044636579708802 0.0159023569575667 -0.0001674077003539 -0.0032153932996531 0.0000348433052079 0.0002595385927893 -0.0000016080075500 0.0000061696395572 0.0000000093061059
1.0119699490582339 0.0091638167652040 0.2068446882942611 -0.0021564345568180 -0.0004221597868387 -0.0002475123341873 0.0019893921026348 -0.0000065346506651 0.0001668870250973 0.0000001084250520 -0.0000060280919400 0.0000000179336625
0.9794352354962758 -0.0174088339951031 0.0948101895064223 0.0036445509658154 -0.0250481726731574 0.0001972380328502 0.0032698898839841 -0.0000093571914054 0.0001058077950595 -0.0000010016616015 0.0000019336755254 -0.0000000285406499
0.8416614813230118 0.0138360428780484 -0.3188773118747748 0.0000238857624917 -0.0364844322191354 0.0002540651065786 -0.0035603707780693 -0.0000036757056757 -0.0000804838417079 -0.0000005223624714 -0.0000089868018633 0.0000000140260514
1.0557462158221464 -0.0006279048120389 0.3430599154182089 0.0002619151924442 0.0430301731859224 0.0000360296934867 -0.0030893817086196 0.0000031262475852 -0.0001658231378107 0.0000001903903557 0.0000067723105364 0.0000000054210135
0.8220515964233872 -0.0320069545403584 -0.3923995943576739 -0.0016407639382730 -0.0198697223885609 -0.0004756475169181 -0.0041692553113451 0.0000260673622890 0.0000806811078499 0.0000003127858862 -0.0000063526923199 -0.0000000535080931
0.9913420928918588 0.0105257360622167 0.1420380565964614 -0.0021874831531825 -0.0165155332318898 -0.0001778047839267 0.0029810988837814 0.0000004236834927 0.0001557072248480 0.0000004812914192 -0.0000017950282543 0.0000000196004920
1.0019518239592951 -0.0143501616965712 0.1668345418898219 0.0034763158100286 -0.0096032182581944 0.0003122317337635 0.0027010808146583 0.0000025437105898 0.0001621678596866 -0.0000005852682223 -0.0000034950404879 -0.0000000342590471
0.8024555857906633 0.0138649104230387 -0.4361693153037902 0.0008146818259109 -0.0111381979851188 0.0001824445764510 -0.0043482068264595 -0.0000102446266071 0.0001331926674087 0.0000000528045537 -0.0000039964768494 0.0000000127546011
1.0547239535177382 0.0017699761431121 0.3406418093193955 -0.0004680657553670 0.0420506609570801 -0.0000874567428920 -0.0029486755380578 -0.0000049481220517 -0.0001527563960145 -0.0000003002679938 0.0000059263257797 -0.0000000148230001
0.8600217095122867 -0.0291587801772827 -0.2774313678254716 0.0005009379987186 -0.0401020589226176 -0.0005018406696630 -0.0026329262778716 0.0000026781332390 -0.0001121857236522 0.0000012189759386 -0.0000065793895377 -0.0000000123053877
0.9670378322230213 0.0116531482371993 0.0659826647053653 -0.0020373668149213 -0.0315432108833753 -0.0000738658886041 0.0031854379463829 0.0000068963762540 0.0000709598645812 0.0000005726291314 0.0000038424181762 0.0000000060489815
1.0207134995236389 -0.0113396724728804 0.2273646815509553 0.0030527652363941 0.0061928990356601 0.0003573426011609 0.0014691660780941 0.0000120876847121 0.0001446259095779 0.0000000751412607 -0.0000062695939159 -0.0000000141941306
0.7609607255532713 0.0136962301811942 -0.5585018577914288 0.0016405703810072 0.0308447763041553 -0.0000131580987704 -0.0017510105699419 -0.0000076139944634 0.0002296177493615 0.0000006034937557 0.0000101644997253 -0.0000000144888591
1.0495510618737154 0.0039796645321940 0.3248494758335522 -0.0011072714683195 0.0363632525201175 -0.0001888684347370 -0.0021360673028432 -0.0000108936939710 -0.0000821323212363 -0.0000006065217657 0.0000018067955091 -0.0000000227726136
0.8952855063641958 -0.0262056774197685 -0.1691720070468322 0.0020278279755678 -0.0477617701778428 -0.0003668970042516 -0.0002970029716682 -0.0000156986875893 -0.0001748209468507 0.0000007651702604 0.0000006627715010 0.0000000344624756
0.9392379693607145 0.0125454955740194 -0.0205056569458888 -0.0017130530859994 -0.0433465501505764 0.0000466325531606 0.0024043459318759 0.0000104578534988 -0.0000572505359473 0.0000003066199612 0.0000067296336866 -0.0000000113895387
1.0355799705365913 -0.0084061165733514 0.2757479945593367 0.0024453023395693 0.0205937405081842 0.0003357863198508 -0.0000695708208305 0.0000166900574664 0.0000669189681635 0.0000006165650276 -0.0000048872341381 0.0000000132056693
0.7174757030202674 0.0133447976399596 -0.6845599610221611 0.0024568041161241 0.0924738578968166 -0.0003590050922472 0.0070044508136435 0.0000142813566962 -0.0003475390631515 -0.0000007559101970 -0.0000145304710280 0.0000000209414134
1.0402663560483389 0.0059858639879753 0.2958506717621796 -0.0016204016842426 0.0264343234738522 -0.0002533650307503 -0.0008173799171882 -0.0000131190549210 0.0000209865182697 -0.0000005953375311 -0.0000033248354743 -0.0000000138998925
0.9275846401723487 -0.0231796197347051 -0.0687873624030901 0.0030106583962294 -0.0457218666236551 -0.0001625583145713 0.0017717617258307 -0.0000224294974847 -0.0001125517694832 -0.0000002116231032 0.0000062451809202 0.0000000331785835
0.9081485372534028 0.0132051937471496 -0.1164987943747779 -0.0012296606567851 -0.0495080688416794 0.0001601360525394 0.0006676831926864 0.0000094176022156 -0.0001670917942578 -0.0000001817449094 0.0000037243428806 -0.0000000164787969
1.0464398024703150 -0.0055765726373726 0.3114624198795817 0.0017215413209432 0.0321909013408711 0.0002599026741751 -0.0015438527395847 0.0000156982366971 -0.0000367169848466 0.0000008014741021 -0.0000004217766901 0.0000000282111922
0.7443747445828133 -0.0369646312996794 -0.6221654705002644 -0.0075547688684194 0.0625478612300662 0.0004564644948692 0.0015862510120805 -0.0000003360719784 0.0000805475185265 -0.0000011120953432 0.0000088603976381 0.0000000713110325
1.0269394899147184 0.0077762051683626 0.2539551380212553 -0.0019806331782687 0.0131166629517819 -0.0002717126619817 0.0007268278022872 -0.0000111525689764 0.0001181281992172 -0.0000002851392760 -0.0000065098370516 0.0000000045893191
0.9566811787024283 -0.0201126373309627 0.0226414711501859 0.0035230855575415 -0.0367099680336064 0.0000455733251616 0.0030110266296815 -0.0000183862796130 0.0000083477001580 -0.0000009080479000 0.0000059943130780 -0.0000000012381139
